S809
  1.0000000   0.0000000
  0.9962030   0.0004870
  0.9851900   0.0023730
  0.9678440   0.0059600
  0.9450730   0.0110240
  0.9174880   0.0170330
  0.8852930   0.0234580
  0.8484550   0.0302800
  0.8074700   0.0377660
  0.7630420   0.0459740
  0.7159520   0.0548720
  0.6670640   0.0643530
  0.6173310   0.0742140
  0.5678300   0.0840950
  0.5198320   0.0932680
  0.4742430   0.0993920
  0.4284610   0.1017600
  0.3826120   0.1018400
  0.3372600   0.1000700
  0.2929700   0.0967030
  0.2502470   0.0919080
  0.2095760   0.0858510
  0.1714090   0.0786870
  0.1361740   0.0705800
  0.1042630   0.0616970
  0.0760350   0.0522240
  0.0518230   0.0423520
  0.0319100   0.0322990
  0.0165900   0.0222900
  0.0060260   0.0126150
  0.0006580   0.0037230
  0.0002040   0.0019420
  0.0000000  -0.0000200
  0.0002130  -0.0017940
  0.0010450  -0.0034770
  0.0012080  -0.0037240
  0.0023980  -0.0052660
  0.0093130  -0.0114990
  0.0232300  -0.0203990
  0.0423200  -0.0302690
  0.0658770  -0.0408210
  0.0934260  -0.0519230
  0.1241110  -0.0630820
  0.1576530  -0.0737300
  0.1937380  -0.0835670
  0.2319140  -0.0924420
  0.2714380  -0.0999050
  0.3119680  -0.1052810
  0.3533700  -0.1081810
  0.3953290  -0.1080110
  0.4382730  -0.1045520
  0.4819200  -0.0973470
  0.5279280  -0.0865710
  0.5762110  -0.0739790
  0.6260920  -0.0606440
  0.6767440  -0.0474410
  0.7272110  -0.0351000
  0.7764320  -0.0242040
  0.8232850  -0.0151630
  0.8666300  -0.0082040
  0.9053650  -0.0033630
  0.9384740  -0.0004870
  0.9650860   0.0007430
  0.9844780   0.0007750
  0.9961410   0.0002900
  1.0000000   0.0000000
