  
       XFOIL         Version 6.99
  
 Calculated polar for: NREL's S809 Airfoil                             
  
 1 1 Reynolds number fixed          Mach number fixed         
  
 xtrf =   1.000 (top)        1.000 (bottom)  
 Mach =   0.000     Re =     0.400 e 6     Ncrit =   9.000
  
   alpha    CL        CD       CDp       CM     Top_Xtr  Bot_Xtr
  ------ -------- --------- --------- -------- -------- --------
  -8.000  -0.4216   0.03317   0.02530  -0.0505   0.6541   0.0178
  -7.500  -0.4120   0.03039   0.02243  -0.0483   0.6516   0.0212
  -7.000  -0.4229   0.02648   0.01858  -0.0445   0.6493   0.0447
  -6.500  -0.4802   0.01993   0.01244  -0.0372   0.6473   0.1523
  -6.000  -0.5315   0.01367   0.00666  -0.0307   0.6452   0.3178
  -4.500  -0.3521   0.01891   0.01283  -0.0314   0.6399   0.5255
  -4.000  -0.3005   0.01811   0.01184  -0.0325   0.6383   0.5294
  -3.500  -0.2487   0.01722   0.01069  -0.0338   0.6366   0.5330
  -3.000  -0.1924   0.01682   0.01024  -0.0349   0.6347   0.5347
  -2.500  -0.1352   0.01666   0.01004  -0.0361   0.6333   0.5364
  -2.000  -0.0778   0.01660   0.00994  -0.0372   0.6320   0.5386
  -1.500  -0.0205   0.01651   0.00982  -0.0385   0.6307   0.5410
  -1.000   0.0366   0.01637   0.00962  -0.0399   0.6296   0.5436
  -0.500   0.0938   0.01630   0.00946  -0.0413   0.6281   0.5464
   0.000   0.1508   0.01618   0.00931  -0.0428   0.6270   0.5487
   0.500   0.2075   0.01614   0.00939  -0.0438   0.6258   0.5508
   1.000   0.2643   0.01622   0.00958  -0.0449   0.6237   0.5529
   1.500   0.3212   0.01628   0.00973  -0.0460   0.6211   0.5550
   2.000   0.3783   0.01637   0.00989  -0.0471   0.6189   0.5574
   2.500   0.4358   0.01646   0.01004  -0.0484   0.6165   0.5600
   3.000   0.4940   0.01662   0.01021  -0.0497   0.6139   0.5628
   3.500   0.5494   0.01669   0.01041  -0.0505   0.6097   0.5650
   4.000   0.6055   0.01656   0.01044  -0.0512   0.6033   0.5670
   4.500   0.6658   0.01633   0.01022  -0.0523   0.5957   0.5692
   5.000   0.7224   0.01576   0.00979  -0.0526   0.5844   0.5719
   5.500   0.7794   0.01530   0.00942  -0.0531   0.5727   0.5749
   6.000   0.8369   0.01474   0.00894  -0.0536   0.5607   0.5774
   6.500   0.8906   0.01398   0.00832  -0.0533   0.5430   0.5797
   7.000   0.9416   0.01330   0.00789  -0.0525   0.5166   0.5821
   7.500   0.9640   0.01377   0.00783  -0.0469   0.3819   0.5846
   8.000   0.9559   0.01613   0.00955  -0.0373   0.2557   0.5871
   8.500   0.9414   0.01836   0.01139  -0.0274   0.1783   0.5894
   9.000   0.9344   0.02113   0.01390  -0.0208   0.1225   0.5917
   9.500   0.9338   0.02442   0.01701  -0.0168   0.0843   0.5938
  10.000   0.9389   0.02779   0.02030  -0.0141   0.0594   0.5961
  10.500   0.9471   0.03116   0.02370  -0.0119   0.0452   0.5985
  11.000   0.9566   0.03457   0.02716  -0.0100   0.0367   0.6012
  11.500   0.9726   0.03758   0.03027  -0.0087   0.0314   0.6044
  12.000   0.9836   0.04110   0.03390  -0.0073   0.0277   0.6074
  12.500   0.9989   0.04443   0.03732  -0.0065   0.0251   0.6100
  13.000   1.0080   0.04837   0.04140  -0.0053   0.0229   0.6130
  13.500   1.0268   0.05171   0.04493  -0.0049   0.0209   0.6163
  14.000   1.0427   0.05546   0.04877  -0.0048   0.0192   0.6200
  14.500   1.0577   0.05944   0.05293  -0.0044   0.0178   0.6237
  15.000   1.0740   0.06352   0.05725  -0.0046   0.0164   0.6276
  15.500   1.0874   0.06804   0.06192  -0.0054   0.0152   0.6322
  16.000   1.0968   0.07323   0.06731  -0.0058   0.0140   0.6369
  16.500   1.1023   0.07927   0.07365  -0.0075   0.0131   0.6417
  17.000   1.1063   0.08570   0.08035  -0.0099   0.0121   0.6467
  17.500   1.1087   0.09255   0.08735  -0.0126   0.0113   0.6525
  18.000   1.0992   0.10162   0.09676  -0.0161   0.0107   0.6576
