  
       XFOIL         Version 6.99
  
 Calculated polar for: NREL's S809 Airfoil                             
  
 1 1 Reynolds number fixed          Mach number fixed         
  
 xtrf =   1.000 (top)        1.000 (bottom)  
 Mach =   0.000     Re =     0.700 e 6     Ncrit =   5.000
  
   alpha    CL        CD       CDp       CM     Top_Xtr  Bot_Xtr
  ------ -------- --------- --------- -------- -------- --------
  11.000   1.0529   0.02884   0.02147  -0.0208   0.0170   0.5490
  11.125   1.0588   0.02945   0.02210  -0.0206   0.0163   0.5496
  11.250   1.0639   0.03011   0.02279  -0.0203   0.0158   0.5501
  11.375   1.0697   0.03076   0.02345  -0.0201   0.0154   0.5506
  11.500   1.0743   0.03147   0.02417  -0.0197   0.0148   0.5512
  11.625   1.0793   0.03213   0.02486  -0.0194   0.0145   0.5517
  11.750   1.0853   0.03276   0.02552  -0.0192   0.0139   0.5522
  11.875   1.0900   0.03343   0.02621  -0.0188   0.0137   0.5528
  12.125   1.1009   0.03479   0.02762  -0.0185   0.0129   0.5538
  12.250   1.1054   0.03553   0.02838  -0.0182   0.0126   0.5543
  12.375   1.1103   0.03624   0.02912  -0.0180   0.0122   0.5548
  12.500   1.1154   0.03696   0.02988  -0.0178   0.0119   0.5553
