  
       XFOIL         Version 6.99
  
 Calculated polar for: NREL's S809 Airfoil                             
  
 1 1 Reynolds number fixed          Mach number fixed         
  
 xtrf =   1.000 (top)        1.000 (bottom)  
 Mach =   0.000     Re =     1.300 e 6     Ncrit =   5.000
  
   alpha    CL        CD       CDp       CM     Top_Xtr  Bot_Xtr
  ------ -------- --------- --------- -------- -------- --------
   0.000   0.1529   0.00744   0.00187  -0.0442   0.5544   0.4966
   0.500   0.2129   0.00745   0.00191  -0.0456   0.5535   0.4983
   1.000   0.2727   0.00748   0.00196  -0.0470   0.5526   0.4999
   1.500   0.3325   0.00752   0.00201  -0.0483   0.5517   0.5017
   2.000   0.3923   0.00756   0.00208  -0.0496   0.5504   0.5032
   2.500   0.4518   0.00758   0.00216  -0.0509   0.5479   0.5049
   3.000   0.5112   0.00751   0.00217  -0.0521   0.5415   0.5067
   3.500   0.5705   0.00747   0.00220  -0.0532   0.5338   0.5084
   4.000   0.6296   0.00745   0.00224  -0.0544   0.5233   0.5101
   4.500   0.6881   0.00748   0.00228  -0.0554   0.5014   0.5119
   5.000   0.7333   0.00845   0.00279  -0.0543   0.3858   0.5134
   5.500   0.7691   0.01002   0.00376  -0.0518   0.2508   0.5149
   6.500   0.8472   0.01218   0.00532  -0.0479   0.1106   0.5185
   7.000   0.8857   0.01308   0.00606  -0.0457   0.0741   0.5201
   7.500   0.9231   0.01389   0.00680  -0.0434   0.0521   0.5216
   8.000   0.9519   0.01469   0.00755  -0.0395   0.0376   0.5232
   8.500   0.9811   0.01565   0.00852  -0.0361   0.0285   0.5251
   9.000   1.0094   0.01675   0.00965  -0.0329   0.0224   0.5268
   9.500   1.0356   0.01809   0.01104  -0.0300   0.0183   0.5286
  10.000   1.0603   0.01974   0.01274  -0.0276   0.0156   0.5303
  10.500   1.0855   0.02169   0.01475  -0.0258   0.0135   0.5320
  11.000   1.1102   0.02389   0.01702  -0.0245   0.0117   0.5337
  11.500   1.1341   0.02625   0.01946  -0.0233   0.0101   0.5357
  12.000   1.1571   0.02870   0.02198  -0.0222   0.0088   0.5379
  12.500   1.1798   0.03125   0.02461  -0.0213   0.0080   0.5399
  13.000   1.2008   0.03396   0.02739  -0.0203   0.0072   0.5418
  13.500   1.2212   0.03672   0.03024  -0.0194   0.0064   0.5437
  14.000   1.2402   0.03966   0.03328  -0.0187   0.0057   0.5462
  14.500   1.2589   0.04276   0.03647  -0.0181   0.0054   0.5485
  15.000   1.2772   0.04604   0.03986  -0.0177   0.0050   0.5514
  15.500   1.2934   0.04961   0.04352  -0.0175   0.0045   0.5536
  16.000   1.3091   0.05340   0.04745  -0.0175   0.0043   0.5564
  16.500   1.3241   0.05744   0.05162  -0.0177   0.0040   0.5594
  17.000   1.3361   0.06184   0.05615  -0.0181   0.0037   0.5623
  17.500   1.3463   0.06676   0.06120  -0.0189   0.0033   0.5656
  18.000   1.3539   0.07210   0.06670  -0.0199   0.0032   0.5694
   0.000   0.1529   0.00744   0.00187  -0.0442   0.5544   0.4966
  -0.500   0.0931   0.00743   0.00185  -0.0429   0.5553   0.4948
  -1.000   0.0333   0.00745   0.00185  -0.0415   0.5562   0.4932
  -1.500  -0.0267   0.00745   0.00187  -0.0401   0.5571   0.4917
  -2.000  -0.0866   0.00745   0.00191  -0.0388   0.5579   0.4899
  -2.500  -0.1465   0.00747   0.00195  -0.0374   0.5589   0.4880
  -3.000  -0.2062   0.00749   0.00201  -0.0360   0.5598   0.4863
  -3.500  -0.2657   0.00752   0.00209  -0.0347   0.5609   0.4847
  -4.000  -0.3253   0.00755   0.00220  -0.0333   0.5619   0.4823
  -4.500  -0.3852   0.00752   0.00220  -0.0320   0.5629   0.4627
  -5.000  -0.4240   0.01054   0.00416  -0.0311   0.5640   0.1997
  -5.500  -0.4536   0.01325   0.00624  -0.0314   0.5651   0.0177
  -6.000  -0.4962   0.01437   0.00737  -0.0310   0.5663   0.0085
  -6.500  -0.5222   0.01680   0.00986  -0.0307   0.5675   0.0053
  -7.000  -0.5364   0.01919   0.01229  -0.0332   0.5686   0.0047
  -8.000  -0.5706   0.02401   0.01720  -0.0369   0.5711   0.0035
