  
       XFOIL         Version 6.99
  
 Calculated polar for: NREL's S809 Airfoil                             
  
 1 1 Reynolds number fixed          Mach number fixed         
  
 xtrf =   1.000 (top)        1.000 (bottom)  
 Mach =   0.000     Re =     0.200 e 6     Ncrit =   9.000
  
   alpha    CL        CD       CDp       CM     Top_Xtr  Bot_Xtr
  ------ -------- --------- --------- -------- -------- --------
  -8.000  -0.3956   0.03588   0.02729  -0.0539   0.7209   0.0464
  -7.500  -0.3821   0.04211   0.03594  -0.0453   0.7156   0.4721
  -7.000  -0.4791   0.02445   0.01678  -0.0434   0.7126   0.2389
  -6.500  -0.5378   0.01863   0.01118  -0.0361   0.7091   0.3181
  -5.000   0.0257   0.05456   0.04754  -0.0486   0.7002   0.5547
  -4.500   0.0246   0.05305   0.04603  -0.0457   0.6981   0.5648
  -4.000   0.0822   0.05126   0.04417  -0.0473   0.6957   0.5672
  -3.500   0.1266   0.04993   0.04281  -0.0476   0.6937   0.5720
  -3.000   0.1339   0.04852   0.04141  -0.0449   0.6921   0.5809
  -2.500   0.1885   0.04723   0.04011  -0.0461   0.6908   0.5838
  -1.500   0.1275   0.04128   0.03432  -0.0351   0.6868   0.5785
  -1.000   0.1713   0.03995   0.03307  -0.0353   0.6853   0.5774
  -0.500   0.2004   0.03826   0.03144  -0.0343   0.6829   0.5748
   0.000   0.1599   0.03130   0.02431  -0.0344   0.6800   0.5798
   0.500   0.2095   0.03145   0.02454  -0.0340   0.6776   0.5815
   1.000   0.2583   0.03165   0.02480  -0.0336   0.6753   0.5842
   1.500   0.2900   0.03101   0.02431  -0.0339   0.6714   0.5880
   2.000   0.3278   0.02937   0.02254  -0.0374   0.6667   0.5947
   2.500   0.3754   0.02971   0.02306  -0.0368   0.6627   0.5966
   3.000   0.4331   0.02970   0.02311  -0.0377   0.6595   0.5990
   3.500   0.4565   0.03070   0.02435  -0.0356   0.6494   0.6017
   4.000   0.5221   0.02998   0.02364  -0.0382   0.6449   0.6056
   4.500   0.5575   0.03049   0.02424  -0.0381   0.6331   0.6100
   5.000   0.6366   0.02907   0.02291  -0.0407   0.6282   0.6123
   5.500   0.6847   0.02862   0.02270  -0.0398   0.6144   0.6148
   6.000   0.7500   0.02707   0.02127  -0.0406   0.5998   0.6183
   6.500   0.8183   0.02523   0.01951  -0.0421   0.5843   0.6226
   7.000   0.8882   0.02301   0.01734  -0.0437   0.5665   0.6260
   7.500   0.9365   0.02134   0.01597  -0.0417   0.5407   0.6286
   8.000   0.9736   0.02012   0.01513  -0.0382   0.4946   0.6319
   8.500   0.9748   0.01992   0.01399  -0.0286   0.3485   0.6356
   9.000   0.9390   0.02288   0.01636  -0.0170   0.2546   0.6384
   9.500   0.9100   0.02740   0.02041  -0.0106   0.1790   0.6409
  10.500   0.8876   0.03655   0.02902  -0.0043   0.0851   0.6456
  11.000   0.8903   0.04054   0.03292  -0.0023   0.0663   0.6488
  11.500   0.9018   0.04405   0.03642  -0.0008   0.0550   0.6528
  12.000   0.9201   0.04720   0.03952   0.0004   0.0464   0.6566
  12.500   0.9463   0.04979   0.04236   0.0014   0.0410   0.6599
  13.000   0.9788   0.05233   0.04496   0.0026   0.0361   0.6641
  13.500   1.0093   0.05526   0.04812   0.0031   0.0327   0.6689
  14.500   1.0583   0.06334   0.05683   0.0040   0.0275   0.6782
  15.000   1.0674   0.06882   0.06272   0.0038   0.0258   0.6838
  15.500   1.0737   0.07445   0.06858   0.0030   0.0243   0.6889
  16.000   1.0573   0.08343   0.07804   0.0015   0.0231   0.6928
  16.500   1.0254   0.09399   0.08915  -0.0020   0.0227   0.6967
  17.000   0.9884   0.10682   0.10247  -0.0077   0.0226   0.7003
  17.500   0.9432   0.12265   0.11875  -0.0164   0.0226   0.7029
  18.000   0.8970   0.14107   0.13754  -0.0277   0.0231   0.7048
