  
       XFOIL         Version 6.99
  
 Calculated polar for: NREL's S809 Airfoil                             
  
 1 1 Reynolds number fixed          Mach number fixed         
  
 xtrf =   1.000 (top)        1.000 (bottom)  
 Mach =   0.000     Re =     0.800 e 6     Ncrit =   5.000
  
   alpha    CL        CD       CDp       CM     Top_Xtr  Bot_Xtr
  ------ -------- --------- --------- -------- -------- --------
   0.000   0.1492   0.00900   0.00265  -0.0433   0.5654   0.5055
   0.500   0.2088   0.00903   0.00270  -0.0446   0.5644   0.5072
   1.000   0.2684   0.00907   0.00277  -0.0459   0.5632   0.5091
   1.500   0.3280   0.00912   0.00285  -0.0473   0.5623   0.5110
   2.000   0.3877   0.00919   0.00294  -0.0486   0.5614   0.5126
   2.500   0.4471   0.00924   0.00305  -0.0499   0.5597   0.5143
   3.000   0.5060   0.00924   0.00318  -0.0510   0.5566   0.5160
   3.500   0.5643   0.00916   0.00317  -0.0520   0.5499   0.5178
   4.000   0.6221   0.00907   0.00319  -0.0529   0.5413   0.5197
   4.500   0.6799   0.00900   0.00320  -0.0537   0.5301   0.5216
   5.000   0.7377   0.00895   0.00326  -0.0546   0.5135   0.5232
   5.500   0.7838   0.00950   0.00349  -0.0535   0.4149   0.5250
   6.000   0.8125   0.01136   0.00471  -0.0499   0.2718   0.5267
   6.500   0.8459   0.01270   0.00568  -0.0471   0.1868   0.5285
   7.000   0.8752   0.01401   0.00668  -0.0436   0.1198   0.5303
   7.500   0.9016   0.01512   0.00762  -0.0395   0.0806   0.5320
   8.000   0.9255   0.01617   0.00862  -0.0352   0.0591   0.5338
   8.500   0.9497   0.01746   0.00990  -0.0315   0.0432   0.5356
   9.500   0.9959   0.02079   0.01331  -0.0259   0.0261   0.5393
  10.000   1.0180   0.02297   0.01554  -0.0240   0.0213   0.5412
  10.500   1.0420   0.02529   0.01793  -0.0227   0.0181   0.5433
  11.000   1.0657   0.02772   0.02045  -0.0216   0.0156   0.5453
  11.500   1.0882   0.03024   0.02307  -0.0206   0.0136   0.5474
  12.000   1.1088   0.03293   0.02585  -0.0195   0.0122   0.5496
  12.500   1.1301   0.03565   0.02867  -0.0186   0.0110   0.5518
  13.000   1.1496   0.03855   0.03166  -0.0177   0.0099   0.5539
  13.500   1.1689   0.04152   0.03476  -0.0170   0.0090   0.5563
  14.000   1.1859   0.04484   0.03820  -0.0165   0.0083   0.5592
  14.500   1.2047   0.04816   0.04165  -0.0162   0.0076   0.5619
  15.000   1.2203   0.05194   0.04554  -0.0161   0.0070   0.5646
  15.500   1.2373   0.05566   0.04941  -0.0163   0.0062   0.5675
  16.000   1.2496   0.06007   0.05397  -0.0166   0.0059   0.5707
  17.000   1.2687   0.06995   0.06419  -0.0180   0.0052   0.5773
  17.500   1.2780   0.07527   0.06967  -0.0193   0.0046   0.5818
  18.000   1.2796   0.08181   0.07641  -0.0210   0.0045   0.5855
   0.000   0.1492   0.00900   0.00265  -0.0433   0.5654   0.5055
  -0.500   0.0896   0.00900   0.00261  -0.0420   0.5664   0.5040
  -1.000   0.0301   0.00900   0.00261  -0.0406   0.5673   0.5023
  -1.500  -0.0296   0.00900   0.00264  -0.0393   0.5683   0.5004
  -2.000  -0.0892   0.00902   0.00269  -0.0379   0.5693   0.4986
  -2.500  -0.1487   0.00903   0.00274  -0.0366   0.5703   0.4969
  -3.000  -0.2080   0.00904   0.00281  -0.0353   0.5714   0.4951
  -3.500  -0.2672   0.00909   0.00291  -0.0340   0.5725   0.4936
  -4.000  -0.3264   0.00915   0.00308  -0.0327   0.5736   0.4919
  -4.500  -0.3859   0.00907   0.00308  -0.0314   0.5748   0.4841
  -5.000  -0.4454   0.00897   0.00304  -0.0300   0.5761   0.4544
  -5.500  -0.4555   0.01420   0.00680  -0.0306   0.5774   0.0809
  -6.000  -0.4719   0.01755   0.01003  -0.0302   0.5787   0.0192
  -6.500  -0.4791   0.02029   0.01277  -0.0332   0.5799   0.0107
  -7.000  -0.4956   0.02270   0.01524  -0.0352   0.5812   0.0083
  -7.500  -0.5111   0.02519   0.01776  -0.0371   0.5828   0.0059
  -8.000  -0.5292   0.02750   0.02014  -0.0388   0.5845   0.0053
