  
       XFOIL         Version 6.99
  
 Calculated polar for: NACA 4412                                       
  
 1 1 Reynolds number fixed          Mach number fixed         
  
 xtrf =   1.000 (top)        1.000 (bottom)  
 Mach =   0.000     Re =     0.200 e 6     Ncrit =   9.000
  
   alpha    CL        CD       CDp       CM     Top_Xtr  Bot_Xtr
  ------ -------- --------- --------- -------- -------- --------
  -8.000  -0.4390   0.09144   0.08827  -0.0311   1.0000   0.0729
  -7.500  -0.4107   0.07868   0.07549  -0.0466   0.9893   0.0755
  -6.500  -0.3158   0.05622   0.05264  -0.0769   0.9639   0.0896
  -6.000  -0.2853   0.02475   0.01807  -0.0920   0.9495   0.0590
  -5.500  -0.2062   0.02160   0.01434  -0.0972   0.9435   0.0659
  -5.000  -0.1380   0.01999   0.01240  -0.0996   0.9322   0.0740
  -4.500  -0.0560   0.01797   0.01030  -0.1049   0.9274   0.0869
  -4.000   0.0067   0.01665   0.00902  -0.1061   0.9145   0.1023
  -3.500   0.0704   0.01558   0.00795  -0.1073   0.9014   0.1245
  -3.000   0.1325   0.01456   0.00700  -0.1081   0.8877   0.1560
  -2.500   0.1918   0.01363   0.00624  -0.1083   0.8720   0.2004
  -2.000   0.2490   0.01286   0.00564  -0.1081   0.8541   0.2623
  -1.500   0.3049   0.01207   0.00513  -0.1076   0.8346   0.3520
  -1.000   0.3541   0.01082   0.00487  -0.1058   0.8138   0.6217
  -0.500   0.4353   0.00997   0.00468  -0.1089   0.7906   1.0000
   0.000   0.4879   0.01002   0.00438  -0.1078   0.7661   1.0000
   0.500   0.5386   0.01018   0.00429  -0.1065   0.7387   1.0000
   1.000   0.5908   0.01040   0.00425  -0.1055   0.7130   1.0000
   1.500   0.6432   0.01068   0.00430  -0.1045   0.6881   1.0000
   2.000   0.6956   0.01102   0.00444  -0.1037   0.6645   1.0000
   2.500   0.7480   0.01138   0.00466  -0.1029   0.6423   1.0000
   3.000   0.8010   0.01178   0.00491  -0.1022   0.6223   1.0000
   3.500   0.8541   0.01223   0.00524  -0.1016   0.6034   1.0000
   4.000   0.9062   0.01268   0.00565  -0.1009   0.5846   1.0000
   4.500   0.9581   0.01315   0.00611  -0.1001   0.5663   1.0000
   5.000   1.0097   0.01363   0.00658  -0.0993   0.5480   1.0000
   5.500   1.0606   0.01412   0.00708  -0.0984   0.5291   1.0000
   6.000   1.1105   0.01459   0.00755  -0.0972   0.5087   1.0000
   6.500   1.1575   0.01503   0.00803  -0.0955   0.4845   1.0000
   7.000   1.2033   0.01549   0.00849  -0.0936   0.4592   1.0000
   7.500   1.2464   0.01596   0.00908  -0.0913   0.4317   1.0000
   8.000   1.2873   0.01650   0.00969  -0.0887   0.4010   1.0000
   8.500   1.3237   0.01717   0.01038  -0.0853   0.3641   1.0000
   9.000   1.3530   0.01818   0.01132  -0.0809   0.3163   1.0000
   9.500   1.3690   0.01977   0.01270  -0.0747   0.2552   1.0000
  10.000   1.3722   0.02233   0.01489  -0.0673   0.1844   1.0000
  10.500   1.3690   0.02580   0.01800  -0.0603   0.1284   1.0000
  11.000   1.3656   0.02973   0.02177  -0.0544   0.0994   1.0000
  11.500   1.3680   0.03367   0.02576  -0.0501   0.0826   1.0000
  12.000   1.3688   0.03809   0.03024  -0.0464   0.0721   1.0000
  12.500   1.3684   0.04289   0.03509  -0.0433   0.0647   1.0000
  13.000   1.3747   0.04732   0.03966  -0.0411   0.0585   1.0000
  13.500   1.3800   0.05195   0.04441  -0.0388   0.0537   1.0000
  14.000   1.3884   0.05640   0.04894  -0.0370   0.0496   1.0000
  14.500   1.3991   0.06073   0.05343  -0.0350   0.0460   1.0000
  15.000   1.4090   0.06529   0.05817  -0.0337   0.0429   1.0000
  15.500   1.4267   0.06909   0.06200  -0.0314   0.0402   1.0000
  16.000   1.4259   0.07523   0.06856  -0.0311   0.0383   1.0000
  16.500   1.4266   0.08133   0.07493  -0.0311   0.0364   1.0000
  17.000   1.4357   0.08640   0.08010  -0.0305   0.0348   1.0000
  17.500   1.4253   0.09455   0.08863  -0.0312   0.0339   1.0000
  18.000   1.3974   0.10555   0.10017  -0.0350   0.0333   1.0000
