  
       XFOIL         Version 6.99
  
 Calculated polar for: NACA 4412                                       
  
 1 1 Reynolds number fixed          Mach number fixed         
  
 xtrf =   1.000 (top)        1.000 (bottom)  
 Mach =   0.000     Re =     0.150 e 6     Ncrit =   9.000
  
   alpha    CL        CD       CDp       CM     Top_Xtr  Bot_Xtr
  ------ -------- --------- --------- -------- -------- --------
  -8.000  -0.3888   0.09272   0.08894  -0.0318   1.0000   0.0894
  -7.500  -0.4224   0.09023   0.08661  -0.0255   1.0000   0.0919
  -7.000  -0.4359   0.07712   0.07347  -0.0470   0.9902   0.0993
  -6.500  -0.3812   0.07169   0.06803  -0.0489   0.9819   0.1054
  -6.000  -0.3309   0.05912   0.05515  -0.0665   0.9660   0.1165
  -5.500  -0.2719   0.04921   0.04478  -0.0782   0.9525   0.1309
  -5.000  -0.2024   0.02519   0.01760  -0.0898   0.9443   0.0806
  -4.500  -0.1313   0.02284   0.01488  -0.0930   0.9320   0.0915
  -4.000  -0.0563   0.02107   0.01292  -0.0968   0.9209   0.1072
  -3.500   0.0275   0.01935   0.01115  -0.1021   0.9129   0.1312
  -3.000   0.0966   0.01809   0.00996  -0.1044   0.8992   0.1633
  -2.500   0.1637   0.01696   0.00898  -0.1061   0.8850   0.2107
  -2.000   0.2282   0.01586   0.00814  -0.1072   0.8697   0.2788
  -1.500   0.2887   0.01466   0.00740  -0.1076   0.8528   0.3848
  -1.000   0.3349   0.01284   0.00707  -0.1039   0.8346   0.7765
  -0.500   0.4280   0.01221   0.00638  -0.1096   0.8165   1.0000
   0.000   0.4800   0.01221   0.00607  -0.1083   0.7915   1.0000
   0.500   0.5352   0.01221   0.00576  -0.1075   0.7680   1.0000
   1.000   0.5872   0.01239   0.00572  -0.1064   0.7424   1.0000
   1.500   0.6417   0.01260   0.00568  -0.1057   0.7192   1.0000
   2.000   0.6937   0.01294   0.00586  -0.1047   0.6953   1.0000
   2.500   0.7469   0.01331   0.00606  -0.1039   0.6734   1.0000
   3.000   0.8009   0.01372   0.00631  -0.1033   0.6535   1.0000
   3.500   0.8528   0.01421   0.00675  -0.1025   0.6333   1.0000
   4.000   0.9047   0.01473   0.00722  -0.1017   0.6138   1.0000
   4.500   0.9567   0.01526   0.00774  -0.1009   0.5950   1.0000
   5.000   1.0086   0.01580   0.00827  -0.1001   0.5763   1.0000
   5.500   1.0604   0.01636   0.00882  -0.0992   0.5573   1.0000
   6.000   1.1106   0.01692   0.00941  -0.0981   0.5369   1.0000
   6.500   1.1576   0.01740   0.00997  -0.0963   0.5128   1.0000
   7.000   1.2041   0.01783   0.01042  -0.0944   0.4869   1.0000
   7.500   1.2480   0.01827   0.01090  -0.0920   0.4592   1.0000
   8.000   1.2878   0.01876   0.01151  -0.0891   0.4289   1.0000
   8.500   1.3240   0.01931   0.01215  -0.0855   0.3948   1.0000
   9.000   1.3536   0.02004   0.01297  -0.0810   0.3520   1.0000
   9.500   1.3727   0.02131   0.01415  -0.0751   0.2972   1.0000
  10.000   1.3731   0.02354   0.01607  -0.0669   0.2289   1.0000
  10.500   1.3630   0.02716   0.01927  -0.0588   0.1629   1.0000
  11.000   1.3522   0.03157   0.02339  -0.0523   0.1244   1.0000
  11.500   1.3482   0.03604   0.02780  -0.0475   0.1024   1.0000
  12.000   1.3467   0.04071   0.03243  -0.0437   0.0885   1.0000
  12.500   1.3523   0.04507   0.03686  -0.0407   0.0781   1.0000
  13.000   1.3619   0.04926   0.04117  -0.0379   0.0700   1.0000
  13.500   1.3764   0.05320   0.04515  -0.0353   0.0635   1.0000
  14.000   1.3915   0.05713   0.04918  -0.0332   0.0582   1.0000
  14.500   1.4112   0.06119   0.05346  -0.0309   0.0538   1.0000
  15.000   1.4208   0.06589   0.05840  -0.0294   0.0502   1.0000
  15.500   1.4414   0.07065   0.06331  -0.0274   0.0473   1.0000
  16.000   1.4273   0.07805   0.07127  -0.0269   0.0458   1.0000
  16.500   1.4111   0.08622   0.07990  -0.0274   0.0442   1.0000
  17.000   1.3972   0.09441   0.08843  -0.0288   0.0428   1.0000
  17.500   1.3771   0.10399   0.09835  -0.0316   0.0418   1.0000
  18.000   1.3433   0.11643   0.11123  -0.0368   0.0415   1.0000
