  
       XFOIL         Version 6.99
  
 Calculated polar for: NREL's S809 Airfoil                             
  
 1 1 Reynolds number fixed          Mach number fixed         
  
 xtrf =   1.000 (top)        1.000 (bottom)  
 Mach =   0.000     Re =     1.100 e 6     Ncrit =   5.000
  
   alpha    CL        CD       CDp       CM     Top_Xtr  Bot_Xtr
  ------ -------- --------- --------- -------- -------- --------
   0.000   0.1514   0.00795   0.00211  -0.0439   0.5580   0.4997
   0.500   0.2113   0.00797   0.00215  -0.0452   0.5572   0.5013
   1.000   0.2711   0.00800   0.00219  -0.0466   0.5561   0.5029
   1.500   0.3308   0.00802   0.00227  -0.0479   0.5551   0.5046
   2.000   0.3905   0.00805   0.00236  -0.0492   0.5540   0.5062
   2.500   0.4500   0.00807   0.00243  -0.0505   0.5519   0.5080
   3.000   0.5091   0.00806   0.00248  -0.0516   0.5471   0.5099
   3.500   0.5679   0.00801   0.00246  -0.0527   0.5393   0.5116
   4.000   0.6267   0.00795   0.00249  -0.0538   0.5297   0.5131
   4.500   0.6854   0.00791   0.00255  -0.0548   0.5135   0.5149
   5.000   0.7395   0.00815   0.00265  -0.0551   0.4527   0.5166
   5.500   0.7721   0.00996   0.00374  -0.0521   0.2960   0.5182
   6.000   0.8096   0.01123   0.00460  -0.0499   0.2030   0.5201
   6.500   0.8463   0.01237   0.00543  -0.0475   0.1346   0.5218
   7.000   0.8812   0.01343   0.00627  -0.0449   0.0860   0.5232
   7.500   0.9162   0.01430   0.00707  -0.0422   0.0602   0.5248
   8.000   0.9425   0.01517   0.00790  -0.0380   0.0439   0.5267
   8.500   0.9702   0.01623   0.00896  -0.0345   0.0328   0.5286
   9.000   0.9970   0.01746   0.01021  -0.0313   0.0254   0.5303
   9.500   1.0212   0.01899   0.01177  -0.0284   0.0205   0.5320
  10.000   1.0453   0.02082   0.01367  -0.0262   0.0172   0.5336
  10.500   1.0699   0.02292   0.01584  -0.0247   0.0149   0.5355
  11.000   1.0949   0.02517   0.01818  -0.0235   0.0129   0.5376
  11.500   1.1189   0.02756   0.02065  -0.0224   0.0113   0.5397
  12.000   1.1411   0.03011   0.02327  -0.0213   0.0101   0.5417
  12.500   1.1630   0.03272   0.02596  -0.0203   0.0090   0.5435
  13.000   1.1837   0.03546   0.02879  -0.0194   0.0080   0.5456
  13.500   1.2034   0.03833   0.03175  -0.0186   0.0072   0.5478
  14.000   1.2229   0.04131   0.03483  -0.0180   0.0065   0.5505
  14.500   1.2412   0.04450   0.03812  -0.0174   0.0059   0.5527
  15.000   1.2576   0.04801   0.04174  -0.0171   0.0055   0.5555
  15.500   1.2754   0.05152   0.04538  -0.0171   0.0050   0.5582
  16.000   1.2901   0.05547   0.04946  -0.0171   0.0047   0.5611
  16.500   1.3029   0.05981   0.05393  -0.0175   0.0045   0.5639
  17.000   1.3138   0.06443   0.05871  -0.0180   0.0041   0.5671
  17.500   1.3248   0.06936   0.06378  -0.0189   0.0037   0.5711
  18.000   1.3305   0.07508   0.06967  -0.0202   0.0036   0.5746
   0.000   0.1514   0.00795   0.00211  -0.0439   0.5580   0.4997
  -0.500   0.0915   0.00794   0.00208  -0.0425   0.5588   0.4978
  -1.000   0.0317   0.00793   0.00207  -0.0411   0.5596   0.4960
  -1.500  -0.0279   0.00792   0.00207  -0.0398   0.5605   0.4945
  -2.000  -0.0875   0.00793   0.00211  -0.0385   0.5614   0.4929
  -2.500  -0.1472   0.00794   0.00218  -0.0371   0.5625   0.4911
  -3.000  -0.2069   0.00796   0.00226  -0.0358   0.5636   0.4892
  -3.500  -0.2664   0.00799   0.00235  -0.0344   0.5646   0.4875
  -4.000  -0.3260   0.00803   0.00246  -0.0331   0.5657   0.4857
  -4.500  -0.3858   0.00797   0.00245  -0.0317   0.5668   0.4709
  -5.000  -0.4435   0.00829   0.00262  -0.0304   0.5679   0.4153
  -5.500  -0.4519   0.01379   0.00659  -0.0312   0.5689   0.0257
  -6.000  -0.4897   0.01547   0.00829  -0.0303   0.5700   0.0109
  -6.500  -0.5055   0.01801   0.01088  -0.0318   0.5713   0.0064
  -7.000  -0.5221   0.02040   0.01332  -0.0339   0.5725   0.0056
  -7.500  -0.5383   0.02285   0.01582  -0.0359   0.5739   0.0044
  -8.000  -0.5563   0.02518   0.01820  -0.0376   0.5755   0.0041
