  
       XFOIL         Version 6.99
  
 Calculated polar for: NREL's S809 Airfoil                             
  
 1 1 Reynolds number fixed          Mach number fixed         
  
 xtrf =   1.000 (top)        1.000 (bottom)  
 Mach =   0.000     Re =     0.150 e 6     Ncrit =   5.000
  
   alpha    CL        CD       CDp       CM     Top_Xtr  Bot_Xtr
  ------ -------- --------- --------- -------- -------- --------
   0.000   0.1375   0.02226   0.01293  -0.0373   0.6329   0.5488
   0.500   0.1901   0.02186   0.01248  -0.0387   0.6304   0.5532
   1.000   0.2435   0.02204   0.01282  -0.0393   0.6279   0.5550
   1.500   0.2977   0.02214   0.01303  -0.0401   0.6254   0.5572
   2.000   0.3533   0.02213   0.01307  -0.0413   0.6229   0.5602
   2.500   0.4058   0.02223   0.01329  -0.0422   0.6194   0.5638
   3.000   0.4580   0.02254   0.01381  -0.0426   0.6156   0.5657
   3.500   0.5133   0.02272   0.01416  -0.0435   0.6126   0.5683
   4.000   0.5632   0.02308   0.01473  -0.0438   0.6071   0.5717
   4.500   0.6198   0.02309   0.01489  -0.0448   0.6020   0.5745
   5.000   0.6694   0.02331   0.01540  -0.0445   0.5936   0.5768
   5.500   0.7236   0.02305   0.01536  -0.0446   0.5829   0.5799
   6.000   0.7802   0.02226   0.01471  -0.0447   0.5681   0.5834
   6.500   0.8313   0.02147   0.01420  -0.0438   0.5493   0.5858
   7.000   0.8700   0.02126   0.01442  -0.0413   0.5243   0.5887
   7.500   0.9031   0.02122   0.01475  -0.0383   0.4706   0.5921
   8.000   0.9178   0.02107   0.01358  -0.0310   0.3331   0.5949
   8.500   0.8977   0.02382   0.01591  -0.0217   0.2492   0.5971
   9.000   0.8860   0.02755   0.01934  -0.0166   0.1826   0.5998
   9.500   0.8851   0.03142   0.02295  -0.0139   0.1301   0.6032
  10.000   0.8912   0.03502   0.02641  -0.0119   0.0928   0.6059
  10.500   0.9026   0.03841   0.02978  -0.0105   0.0691   0.6086
  11.000   0.9162   0.04181   0.03320  -0.0094   0.0541   0.6119
  11.500   0.9291   0.04531   0.03677  -0.0084   0.0448   0.6154
  12.000   0.9417   0.04896   0.04058  -0.0075   0.0384   0.6186
  12.500   0.9553   0.05275   0.04453  -0.0070   0.0334   0.6223
  13.000   0.9695   0.05669   0.04866  -0.0067   0.0296   0.6260
  13.500   0.9828   0.06085   0.05304  -0.0066   0.0269   0.6295
  14.000   0.9964   0.06521   0.05754  -0.0068   0.0245   0.6341
  14.500   1.0103   0.06961   0.06225  -0.0068   0.0225   0.6384
  15.000   1.0218   0.07449   0.06729  -0.0075   0.0208   0.6433
  15.500   1.0328   0.07978   0.07296  -0.0083   0.0193   0.6479
  16.000   1.0399   0.08571   0.07916  -0.0099   0.0180   0.6530
  16.500   1.0426   0.09250   0.08629  -0.0120   0.0170   0.6582
  17.000   1.0373   0.10078   0.09504  -0.0150   0.0160   0.6638
  17.500   1.0313   0.10956   0.10417  -0.0191   0.0153   0.6694
  18.000   1.0265   0.11830   0.11312  -0.0239   0.0147   0.6762
   0.000   0.1375   0.02226   0.01293  -0.0373   0.6329   0.5488
  -0.500   0.0828   0.02243   0.01311  -0.0361   0.6344   0.5460
  -1.000   0.0280   0.02246   0.01312  -0.0353   0.6361   0.5440
  -1.500  -0.0237   0.02312   0.01388  -0.0341   0.6384   0.5403
  -2.000  -0.0744   0.02375   0.01459  -0.0330   0.6404   0.5365
  -2.500  -0.1270   0.02401   0.01486  -0.0323   0.6426   0.5343
  -3.000  -0.1809   0.02425   0.01518  -0.0316   0.6444   0.5328
  -3.500  -0.2176   0.02642   0.01766  -0.0305   0.6467   0.5253
  -4.000  -0.2684   0.02689   0.01825  -0.0301   0.6490   0.5235
  -5.000  -0.3362   0.03080   0.02255  -0.0298   0.6540   0.5130
  -6.000  -0.2975   0.04126   0.03330  -0.0346   0.6591   0.4873
  -6.500  -0.3394   0.04244   0.03469  -0.0348   0.6626   0.4848
  -7.000  -0.3841   0.04169   0.03417  -0.0359   0.6658   0.4711
  -7.500  -0.4563   0.03321   0.02444  -0.0399   0.6699   0.2032
  -8.000  -0.4149   0.03950   0.02993  -0.0439   0.6735   0.0553
