  
       XFOIL         Version 6.99
  
 Calculated polar for: NREL's S809 Airfoil                             
  
 1 1 Reynolds number fixed          Mach number fixed         
  
 xtrf =   1.000 (top)        1.000 (bottom)  
 Mach =   0.000     Re =     1.200 e 6     Ncrit =   5.000
  
   alpha    CL        CD       CDp       CM     Top_Xtr  Bot_Xtr
  ------ -------- --------- --------- -------- -------- --------
   0.000   0.1522   0.00767   0.00199  -0.0441   0.5561   0.4980
   0.500   0.2121   0.00769   0.00202  -0.0454   0.5553   0.4997
   1.000   0.2719   0.00772   0.00207  -0.0468   0.5542   0.5014
   1.500   0.3317   0.00776   0.00213  -0.0481   0.5532   0.5030
   2.000   0.3914   0.00778   0.00220  -0.0494   0.5521   0.5047
   2.500   0.4509   0.00781   0.00228  -0.0507   0.5499   0.5063
   3.000   0.5102   0.00776   0.00232  -0.0519   0.5441   0.5082
   3.500   0.5692   0.00772   0.00233  -0.0530   0.5365   0.5099
   4.000   0.6282   0.00769   0.00236  -0.0541   0.5266   0.5116
   4.500   0.6868   0.00768   0.00240  -0.0551   0.5080   0.5133
   5.000   0.7358   0.00832   0.00271  -0.0546   0.4153   0.5149
   5.500   0.7702   0.01000   0.00376  -0.0519   0.2708   0.5165
   6.000   0.8095   0.01115   0.00455  -0.0500   0.1874   0.5183
   6.500   0.8467   0.01227   0.00537  -0.0477   0.1215   0.5201
   7.000   0.8834   0.01325   0.00616  -0.0453   0.0795   0.5216
   7.500   0.9199   0.01409   0.00692  -0.0428   0.0560   0.5230
   8.000   0.9476   0.01490   0.00771  -0.0388   0.0405   0.5249
   8.500   0.9764   0.01590   0.00871  -0.0354   0.0306   0.5267
   9.000   1.0033   0.01709   0.00992  -0.0321   0.0237   0.5285
   9.500   1.0289   0.01850   0.01137  -0.0292   0.0194   0.5302
  10.000   1.0534   0.02024   0.01316  -0.0269   0.0164   0.5319
  10.500   1.0782   0.02226   0.01525  -0.0253   0.0142   0.5335
  11.000   1.1025   0.02452   0.01759  -0.0240   0.0123   0.5355
  11.500   1.1268   0.02687   0.02002  -0.0229   0.0107   0.5376
  12.000   1.1499   0.02934   0.02256  -0.0218   0.0094   0.5398
  12.500   1.1710   0.03200   0.02529  -0.0208   0.0084   0.5416
  13.000   1.1930   0.03464   0.02803  -0.0199   0.0076   0.5435
  13.500   1.2124   0.03752   0.03099  -0.0191   0.0068   0.5456
  14.000   1.2324   0.04041   0.03398  -0.0183   0.0060   0.5483
  14.500   1.2497   0.04365   0.03732  -0.0177   0.0056   0.5506
  15.500   1.2851   0.05049   0.04438  -0.0173   0.0047   0.5558
  16.000   1.3000   0.05437   0.04840  -0.0173   0.0045   0.5587
  16.500   1.3139   0.05856   0.05271  -0.0176   0.0042   0.5616
  17.000   1.3256   0.06305   0.05734  -0.0180   0.0039   0.5644
  17.500   1.3363   0.06797   0.06240  -0.0189   0.0035   0.5682
  18.000   1.3427   0.07352   0.06811  -0.0201   0.0034   0.5719
   0.000   0.1522   0.00767   0.00199  -0.0441   0.5561   0.4980
  -0.500   0.0923   0.00766   0.00196  -0.0427   0.5570   0.4962
  -1.000   0.0325   0.00767   0.00195  -0.0413   0.5579   0.4945
  -1.500  -0.0273   0.00769   0.00197  -0.0400   0.5587   0.4930
  -2.000  -0.0872   0.00769   0.00201  -0.0386   0.5594   0.4913
  -2.500  -0.1469   0.00769   0.00205  -0.0372   0.5606   0.4895
  -3.000  -0.2065   0.00770   0.00212  -0.0359   0.5616   0.4877
  -3.500  -0.2661   0.00773   0.00221  -0.0346   0.5626   0.4860
  -4.000  -0.3255   0.00778   0.00231  -0.0332   0.5636   0.4839
  -4.500  -0.3855   0.00772   0.00231  -0.0318   0.5647   0.4667
  -5.000  -0.4379   0.00889   0.00301  -0.0306   0.5659   0.3436
  -5.500  -0.4528   0.01351   0.00641  -0.0313   0.5670   0.0211
  -6.000  -0.4934   0.01487   0.00778  -0.0307   0.5681   0.0095
  -6.500  -0.5136   0.01740   0.01036  -0.0313   0.5692   0.0058
  -7.000  -0.5299   0.01976   0.01277  -0.0335   0.5704   0.0051
  -7.500  -0.5464   0.02220   0.01526  -0.0354   0.5717   0.0041
  -8.000  -0.5642   0.02454   0.01765  -0.0372   0.5732   0.0038
