  
       XFOIL         Version 6.99
  
 Calculated polar for: NREL's S809 Airfoil                             
  
 1 1 Reynolds number fixed          Mach number fixed         
  
 xtrf =   1.000 (top)        1.000 (bottom)  
 Mach =   0.000     Re =     0.100 e 6     Ncrit =   9.000
  
   alpha    CL        CD       CDp       CM     Top_Xtr  Bot_Xtr
  ------ -------- --------- --------- -------- -------- --------
  -6.500   0.0101   0.06636   0.05825  -0.0567   0.8098   0.6212
  -6.000   0.0374   0.06458   0.05632  -0.0568   0.8044   0.6278
  -5.500   0.0835   0.06244   0.05404  -0.0585   0.8003   0.6348
  -5.000   0.1068   0.06126   0.05282  -0.0579   0.7962   0.6430
  -4.500   0.1537   0.05927   0.05078  -0.0595   0.7924   0.6495
  -4.000   0.1774   0.05838   0.04985  -0.0584   0.7885   0.6584
  -3.500   0.2241   0.05672   0.04816  -0.0597   0.7859   0.6655
  -3.000   0.2494   0.05601   0.04750  -0.0589   0.7837   0.6741
  -2.500   0.2605   0.05688   0.04846  -0.0559   0.7808   0.6868
  -2.000   0.3212   0.05426   0.04591  -0.0594   0.7781   0.6904
  -1.500   0.3355   0.05491   0.04666  -0.0566   0.7756   0.7027
  -1.000   0.3913   0.05323   0.04508  -0.0591   0.7729   0.7087
   0.000   0.4095   0.05546   0.04760  -0.0512   0.7662   0.7330
   0.500   0.4437   0.05555   0.04788  -0.0510   0.7621   0.7404
   1.000   0.4359   0.05747   0.04996  -0.0441   0.7573   0.7525
   1.500   0.3888   0.06114   0.05378  -0.0309   0.7516   0.7670
   2.000   0.0885   0.07309   0.06590   0.0177   0.7999   0.7949
   2.500   0.1414   0.07197   0.06486   0.0167   0.7718   0.8104
   3.000  -0.1245   0.06313   0.05546   0.0367   0.8176   0.6765
   3.500  -0.0883   0.06195   0.05425   0.0330   0.7932   0.6749
   4.000  -0.0339   0.06271   0.05507   0.0290   0.7732   0.6771
   4.500   0.0330   0.06417   0.05661   0.0230   0.7546   0.6791
   5.000   0.0719   0.06433   0.05683   0.0206   0.7267   0.6804
   5.500   0.1283   0.06527   0.05788   0.0164   0.6975   0.6831
   6.000   0.2784   0.06136   0.05412   0.0093   0.6294   0.6877
   6.500   0.3178   0.06163   0.05458   0.0092   0.6026   0.6897
   7.000   0.3889   0.06093   0.05415   0.0073   0.5827   0.6932
   7.500   0.4704   0.05936   0.05289   0.0046   0.5640   0.6978
   8.000   0.5262   0.05834   0.05209   0.0027   0.5372   0.7011
   8.500   0.6254   0.05296   0.04720   0.0022   0.5203   0.7050
   9.000   0.6893   0.04899   0.04367   0.0036   0.4935   0.7099
   9.500   0.7605   0.04384   0.03895   0.0040   0.4585   0.7153
  10.000   0.8470   0.03618   0.03080   0.0077   0.3217   0.7199
  10.500   0.8230   0.04103   0.03454   0.0120   0.2038   0.7227
  11.000   0.8221   0.04517   0.03789   0.0145   0.1362   0.7266
  11.500   0.8507   0.04798   0.04038   0.0153   0.0994   0.7319
  12.000   0.8987   0.04992   0.04215   0.0168   0.0785   0.7367
  12.500   0.9616   0.05267   0.04505   0.0169   0.0657   0.7427
  13.000   1.0314   0.05744   0.04998   0.0154   0.0565   0.7492
  13.500   1.0287   0.06283   0.05616   0.0172   0.0544   0.7543
  14.000   1.0174   0.06948   0.06346   0.0176   0.0519   0.7601
  14.500   0.9956   0.07768   0.07225   0.0171   0.0509   0.7648
  15.000   0.9538   0.08819   0.08337   0.0150   0.0512   0.7684
  15.500   0.8979   0.10167   0.09739   0.0098   0.0524   0.7710
  16.000   0.8344   0.11907   0.11518   0.0003   0.0541   0.7726
  16.500   0.7874   0.13828   0.13455  -0.0109   0.0562   0.7746
