  
       XFOIL         Version 6.99
  
 Calculated polar for: NREL's S809 Airfoil                             
  
 1 1 Reynolds number fixed          Mach number fixed         
  
 xtrf =   1.000 (top)        1.000 (bottom)  
 Mach =   0.000     Re =     1.000 e 6     Ncrit =   5.000
  
   alpha    CL        CD       CDp       CM     Top_Xtr  Bot_Xtr
  ------ -------- --------- --------- -------- -------- --------
   0.000   0.1507   0.00825   0.00224  -0.0437   0.5600   0.5015
   0.500   0.2105   0.00831   0.00228  -0.0451   0.5592   0.5030
   1.000   0.2702   0.00830   0.00234  -0.0464   0.5582   0.5046
   1.500   0.3299   0.00833   0.00243  -0.0477   0.5573   0.5064
   2.000   0.3896   0.00837   0.00253  -0.0490   0.5563   0.5080
   2.500   0.4491   0.00840   0.00262  -0.0503   0.5541   0.5099
   3.000   0.5082   0.00840   0.00265  -0.0514   0.5500   0.5117
   3.500   0.5668   0.00831   0.00265  -0.0525   0.5422   0.5133
   4.000   0.6253   0.00824   0.00269  -0.0535   0.5331   0.5150
   4.500   0.6835   0.00820   0.00272  -0.0544   0.5192   0.5168
   5.000   0.7412   0.00822   0.00279  -0.0553   0.4914   0.5185
   5.500   0.7748   0.00987   0.00369  -0.0524   0.3275   0.5203
   6.000   0.8100   0.01130   0.00463  -0.0498   0.2211   0.5220
   6.500   0.8462   0.01246   0.00549  -0.0474   0.1496   0.5236
   7.000   0.8789   0.01361   0.00640  -0.0444   0.0943   0.5252
   8.000   0.9377   0.01544   0.00810  -0.0372   0.0483   0.5288
   8.500   0.9645   0.01657   0.00922  -0.0336   0.0357   0.5307
   9.000   0.9897   0.01790   0.01055  -0.0303   0.0275   0.5323
   9.500   1.0139   0.01949   0.01219  -0.0276   0.0220   0.5339
  10.000   1.0373   0.02142   0.01420  -0.0255   0.0183   0.5357
  10.500   1.0621   0.02357   0.01643  -0.0241   0.0157   0.5377
  11.000   1.0864   0.02591   0.01884  -0.0229   0.0137   0.5399
  11.500   1.1094   0.02838   0.02138  -0.0218   0.0120   0.5419
  12.000   1.1319   0.03092   0.02400  -0.0208   0.0107   0.5438
  12.500   1.1533   0.03358   0.02676  -0.0198   0.0097   0.5458
  13.000   1.1728   0.03641   0.02967  -0.0189   0.0085   0.5480
  13.500   1.1935   0.03924   0.03261  -0.0182   0.0078   0.5503
  14.000   1.2116   0.04239   0.03584  -0.0175   0.0069   0.5529
  14.500   1.2309   0.04553   0.03911  -0.0171   0.0064   0.5553
  15.000   1.2478   0.04904   0.04274  -0.0169   0.0059   0.5582
  15.500   1.2639   0.05275   0.04657  -0.0168   0.0053   0.5610
  16.500   1.2909   0.06120   0.05532  -0.0174   0.0048   0.5668
  17.000   1.3003   0.06602   0.06026  -0.0179   0.0044   0.5701
  18.000   1.3161   0.07694   0.07154  -0.0204   0.0038   0.5778
   0.000   0.1507   0.00825   0.00224  -0.0437   0.5600   0.5015
  -0.500   0.0910   0.00822   0.00222  -0.0423   0.5609   0.4996
  -1.000   0.0312   0.00820   0.00221  -0.0410   0.5617   0.4977
  -1.500  -0.0284   0.00819   0.00223  -0.0396   0.5626   0.4961
  -2.000  -0.0881   0.00821   0.00226  -0.0383   0.5636   0.4945
  -2.500  -0.1476   0.00825   0.00232  -0.0370   0.5647   0.4929
  -3.000  -0.2073   0.00827   0.00241  -0.0356   0.5659   0.4911
  -3.500  -0.2668   0.00831   0.00252  -0.0343   0.5670   0.4893
  -4.000  -0.3263   0.00835   0.00264  -0.0329   0.5680   0.4875
  -4.500  -0.3861   0.00829   0.00261  -0.0316   0.5690   0.4750
  -5.000  -0.4447   0.00841   0.00268  -0.0302   0.5701   0.4329
  -5.500  -0.4510   0.01405   0.00677  -0.0311   0.5712   0.0329
  -6.000  -0.4850   0.01609   0.00882  -0.0301   0.5724   0.0129
  -6.500  -0.4967   0.01871   0.01148  -0.0323   0.5737   0.0073
  -7.000  -0.5140   0.02109   0.01390  -0.0343   0.5751   0.0062
  -7.500  -0.5301   0.02355   0.01640  -0.0362   0.5765   0.0048
  -8.000  -0.5475   0.02592   0.01882  -0.0380   0.5781   0.0044
