  
       XFOIL         Version 6.99
  
 Calculated polar for: NREL's S809 Airfoil                             
  
 1 1 Reynolds number fixed          Mach number fixed         
  
 xtrf =   1.000 (top)        1.000 (bottom)  
 Mach =   0.000     Re =     0.700 e 6     Ncrit =   5.000
  
   alpha    CL        CD       CDp       CM     Top_Xtr  Bot_Xtr
  ------ -------- --------- --------- -------- -------- --------
   0.000   0.1484   0.00956   0.00294  -0.0431   0.5690   0.5082
   0.500   0.2080   0.00958   0.00299  -0.0444   0.5680   0.5101
   1.000   0.2675   0.00962   0.00305  -0.0457   0.5668   0.5120
   1.500   0.3270   0.00966   0.00315  -0.0471   0.5658   0.5136
   2.000   0.3863   0.00971   0.00328  -0.0483   0.5647   0.5152
   2.500   0.4456   0.00976   0.00341  -0.0496   0.5628   0.5171
   3.000   0.5048   0.00980   0.00350  -0.0508   0.5603   0.5189
   3.500   0.5629   0.00976   0.00357  -0.0518   0.5544   0.5209
   4.000   0.6206   0.00967   0.00354  -0.0526   0.5463   0.5228
   4.500   0.6778   0.00953   0.00356  -0.0533   0.5357   0.5244
   5.000   0.7350   0.00944   0.00359  -0.0540   0.5204   0.5261
   5.500   0.7906   0.00942   0.00362  -0.0545   0.4794   0.5282
   6.000   0.8153   0.01136   0.00472  -0.0501   0.3081   0.5300
   6.500   0.8464   0.01285   0.00578  -0.0470   0.2123   0.5318
   7.000   0.8743   0.01422   0.00683  -0.0433   0.1397   0.5334
   7.500   0.8967   0.01543   0.00786  -0.0387   0.0922   0.5351
   8.000   0.9183   0.01662   0.00898  -0.0341   0.0664   0.5371
   8.500   0.9410   0.01802   0.01035  -0.0303   0.0485   0.5390
   9.000   0.9632   0.01965   0.01199  -0.0272   0.0372   0.5409
   9.500   0.9846   0.02167   0.01404  -0.0248   0.0290   0.5427
  10.000   1.0068   0.02392   0.01638  -0.0232   0.0234   0.5446
  10.500   1.0301   0.02632   0.01886  -0.0219   0.0198   0.5467
  11.000   1.0529   0.02884   0.02147  -0.0208   0.0170   0.5490
  12.500   1.1154   0.03696   0.02988  -0.0178   0.0119   0.5553
  13.000   1.1352   0.03987   0.03291  -0.0170   0.0108   0.5577
  13.500   1.1536   0.04298   0.03614  -0.0164   0.0098   0.5604
  14.000   1.1710   0.04634   0.03961  -0.0159   0.0091   0.5633
  14.500   1.1871   0.04993   0.04334  -0.0156   0.0083   0.5658
  15.000   1.2036   0.05370   0.04727  -0.0157   0.0077   0.5688
  15.500   1.2181   0.05781   0.05149  -0.0159   0.0069   0.5719
  16.000   1.2309   0.06225   0.05612  -0.0164   0.0065   0.5749
  16.500   1.2417   0.06710   0.06115  -0.0171   0.0060   0.5785
  17.000   1.2480   0.07258   0.06678  -0.0181   0.0057   0.5822
  17.500   1.2556   0.07827   0.07267  -0.0196   0.0052   0.5864
  18.000   1.2559   0.08515   0.07978  -0.0216   0.0050   0.5904
   0.000   0.1484   0.00956   0.00294  -0.0431   0.5690   0.5082
  -0.500   0.0889   0.00954   0.00290  -0.0417   0.5699   0.5064
  -1.000   0.0294   0.00950   0.00288  -0.0404   0.5708   0.5047
  -1.500  -0.0300   0.00951   0.00288  -0.0391   0.5717   0.5032
  -2.000  -0.0895   0.00952   0.00296  -0.0377   0.5727   0.5015
  -2.500  -0.1489   0.00954   0.00305  -0.0364   0.5739   0.4996
  -3.000  -0.2082   0.00958   0.00315  -0.0351   0.5752   0.4976
  -3.500  -0.2674   0.00962   0.00326  -0.0338   0.5764   0.4959
  -4.000  -0.3265   0.00969   0.00339  -0.0325   0.5776   0.4944
  -4.500  -0.3858   0.00966   0.00350  -0.0312   0.5788   0.4886
  -5.000  -0.4455   0.00945   0.00333  -0.0299   0.5800   0.4642
  -5.500  -0.4707   0.01325   0.00601  -0.0298   0.5812   0.1764
  -6.000  -0.4624   0.01829   0.01063  -0.0309   0.5825   0.0259
  -6.500  -0.4694   0.02114   0.01348  -0.0338   0.5839   0.0134
  -7.000  -0.4849   0.02362   0.01600  -0.0358   0.5854   0.0098
  -7.500  -0.5006   0.02613   0.01854  -0.0376   0.5872   0.0068
  -8.000  -0.5178   0.02852   0.02097  -0.0393   0.5889   0.0059
