  
       XFOIL         Version 6.99
  
 Calculated polar for: NACA 4412                                       
  
 1 1 Reynolds number fixed          Mach number fixed         
  
 xtrf =   1.000 (top)        1.000 (bottom)  
 Mach =   0.000     Re =     0.100 e 6     Ncrit =   9.000
  
   alpha    CL        CD       CDp       CM     Top_Xtr  Bot_Xtr
  ------ -------- --------- --------- -------- -------- --------
  -8.000  -0.4289   0.10103   0.09652  -0.0332   1.0000   0.1266
  -7.500  -0.4068   0.09370   0.08924  -0.0267   1.0000   0.1304
  -7.000  -0.4260   0.09029   0.08596  -0.0217   1.0000   0.1348
  -6.500  -0.4771   0.08379   0.07950  -0.0325   1.0000   0.1427
  -6.000  -0.4647   0.07963   0.07550  -0.0223   1.0000   0.1471
  -5.500  -0.4098   0.07023   0.06593  -0.0358   0.9871   0.1646
  -5.000  -0.3394   0.05983   0.05512  -0.0538   0.9717   0.1928
  -4.500  -0.2706   0.05211   0.04713  -0.0626   0.9576   0.2120
  -4.000  -0.1690   0.02904   0.02060  -0.0804   0.9488   0.1177
  -3.500  -0.0892   0.02684   0.01798  -0.0853   0.9340   0.1371
  -3.000  -0.0112   0.02516   0.01616  -0.0898   0.9187   0.1653
  -2.500   0.0663   0.02383   0.01481  -0.0938   0.9027   0.2084
  -2.000   0.1429   0.02261   0.01383  -0.0977   0.8867   0.2745
  -1.500   0.2194   0.02108   0.01289  -0.1013   0.8715   0.3846
  -1.000   0.3081   0.01835   0.01205  -0.1044   0.8614   1.0000
  -0.500   0.3718   0.01818   0.01141  -0.1053   0.8400   1.0000
   0.000   0.4381   0.01789   0.01078  -0.1064   0.8208   1.0000
   0.500   0.5029   0.01760   0.01021  -0.1071   0.8018   1.0000
   1.000   0.5663   0.01738   0.00975  -0.1075   0.7829   1.0000
   1.500   0.6173   0.01768   0.00989  -0.1062   0.7590   1.0000
   2.000   0.6744   0.01782   0.00987  -0.1058   0.7385   1.0000
   2.500   0.7318   0.01801   0.00992  -0.1054   0.7192   1.0000
   3.000   0.7846   0.01849   0.01032  -0.1045   0.6989   1.0000
   3.500   0.8355   0.01908   0.01088  -0.1034   0.6783   1.0000
   4.000   0.8882   0.01964   0.01142  -0.1026   0.6589   1.0000
   4.500   0.9415   0.02020   0.01197  -0.1018   0.6401   1.0000
   5.000   0.9953   0.02077   0.01253  -0.1011   0.6214   1.0000
   5.500   1.0447   0.02152   0.01337  -0.0997   0.6011   1.0000
   6.000   1.0926   0.02228   0.01425  -0.0981   0.5794   1.0000
   6.500   1.1452   0.02273   0.01472  -0.0970   0.5574   1.0000
   7.000   1.1912   0.02327   0.01539  -0.0948   0.5312   1.0000
   7.500   1.2395   0.02347   0.01561  -0.0927   0.5026   1.0000
   8.000   1.2837   0.02370   0.01589  -0.0899   0.4713   1.0000
   8.500   1.3211   0.02403   0.01637  -0.0862   0.4369   1.0000
   9.000   1.3517   0.02441   0.01688  -0.0815   0.3980   1.0000
   9.500   1.3713   0.02509   0.01766  -0.0752   0.3509   1.0000
  10.000   1.3733   0.02660   0.01906  -0.0667   0.2912   1.0000
  10.500   1.3577   0.02983   0.02185  -0.0573   0.2239   1.0000
  11.000   1.3400   0.03447   0.02608  -0.0498   0.1711   1.0000
  11.500   1.3319   0.03933   0.03059  -0.0444   0.1390   1.0000
  12.000   1.3365   0.04371   0.03493  -0.0404   0.1165   1.0000
  12.500   1.3551   0.04757   0.03857  -0.0373   0.1002   1.0000
  13.000   1.3859   0.05122   0.04217  -0.0348   0.0875   1.0000
  13.500   1.4003   0.05556   0.04691  -0.0321   0.0797   1.0000
  14.000   1.4259   0.06031   0.05191  -0.0300   0.0730   1.0000
  14.500   1.4352   0.06559   0.05753  -0.0278   0.0684   1.0000
  15.000   1.4460   0.07225   0.06449  -0.0260   0.0649   1.0000
  15.500   1.4122   0.08080   0.07369  -0.0247   0.0637   1.0000
  16.000   1.3707   0.09122   0.08471  -0.0257   0.0630   1.0000
  16.500   1.3194   0.10428   0.09832  -0.0297   0.0630   1.0000
  17.000   1.2583   0.12119   0.11573  -0.0381   0.0639   1.0000
  17.500   1.1942   0.14223   0.13712  -0.0507   0.0653   1.0000
  18.000   1.0254   0.22334   0.21822  -0.0998   0.1266   1.0000
