  
       XFOIL         Version 6.99
  
 Calculated polar for: NREL's S809 Airfoil                             
  
 1 1 Reynolds number fixed          Mach number fixed         
  
 xtrf =   1.000 (top)        1.000 (bottom)  
 Mach =   0.000     Re =     0.300 e 6     Ncrit =   9.000
  
   alpha    CL        CD       CDp       CM     Top_Xtr  Bot_Xtr
  ------ -------- --------- --------- -------- -------- --------
  -8.000  -0.4062   0.03465   0.02643  -0.0518   0.6776   0.0248
  -7.500  -0.4043   0.03137   0.02305  -0.0492   0.6747   0.0348
  -7.000  -0.4431   0.02576   0.01785  -0.0439   0.6724   0.1154
  -6.500  -0.5022   0.01932   0.01176  -0.0365   0.6699   0.2107
  -6.000  -0.5384   0.01502   0.00856  -0.0305   0.6672   0.4853
  -5.500  -0.2132   0.04045   0.03434  -0.0408   0.6644   0.5045
  -5.000  -0.1578   0.04009   0.03386  -0.0413   0.6625   0.5061
  -4.500  -0.1162   0.03898   0.03265  -0.0411   0.6608   0.5085
  -4.000  -0.1737   0.03278   0.02646  -0.0342   0.6592   0.5208
  -3.500  -0.1301   0.03192   0.02558  -0.0340   0.6574   0.5233
  -3.000  -0.1511   0.02504   0.01852  -0.0336   0.6557   0.5376
  -2.500  -0.1057   0.02394   0.01734  -0.0344   0.6542   0.5420
  -2.000  -0.0684   0.02124   0.01438  -0.0362   0.6526   0.5494
  -1.500  -0.0133   0.02113   0.01429  -0.0370   0.6511   0.5511
  -1.000   0.0420   0.02114   0.01433  -0.0378   0.6492   0.5531
  -0.500   0.0964   0.02096   0.01414  -0.0389   0.6478   0.5559
   0.000   0.1502   0.02050   0.01363  -0.0404   0.6464   0.5596
   0.500   0.2051   0.02004   0.01300  -0.0424   0.6445   0.5636
   1.000   0.2589   0.02007   0.01318  -0.0430   0.6424   0.5656
   1.500   0.3122   0.02026   0.01353  -0.0437   0.6398   0.5678
   2.000   0.3657   0.02043   0.01383  -0.0444   0.6367   0.5701
   2.500   0.4205   0.02052   0.01401  -0.0455   0.6337   0.5729
   3.000   0.4774   0.02051   0.01403  -0.0468   0.6306   0.5761
   3.500   0.5329   0.02067   0.01421  -0.0480   0.6264   0.5793
   4.000   0.5834   0.02073   0.01451  -0.0481   0.6194   0.5814
   4.500   0.6454   0.02034   0.01416  -0.0493   0.6130   0.5837
   5.000   0.6995   0.01995   0.01394  -0.0494   0.6015   0.5863
   5.500   0.7587   0.01916   0.01322  -0.0500   0.5886   0.5896
   6.000   0.8193   0.01835   0.01244  -0.0509   0.5764   0.5929
   6.500   0.8761   0.01728   0.01149  -0.0510   0.5598   0.5954
   7.000   0.9279   0.01623   0.01067  -0.0500   0.5384   0.5979
   7.500   0.9740   0.01542   0.01016  -0.0483   0.4944   0.6007
   8.000   0.9738   0.01649   0.01031  -0.0390   0.3381   0.6037
   8.500   0.9496   0.01883   0.01214  -0.0273   0.2415   0.6063
   9.000   0.9301   0.02207   0.01498  -0.0192   0.1683   0.6086
   9.500   0.9189   0.02595   0.01860  -0.0145   0.1145   0.6108
  10.000   0.9167   0.02986   0.02236  -0.0116   0.0786   0.6131
  10.500   0.9203   0.03359   0.02604  -0.0092   0.0583   0.6156
  11.000   0.9257   0.03735   0.02980  -0.0072   0.0463   0.6185
  11.500   0.9417   0.04043   0.03297  -0.0060   0.0394   0.6221
  12.000   0.9535   0.04400   0.03661  -0.0047   0.0346   0.6252
  12.500   0.9687   0.04732   0.04003  -0.0038   0.0307   0.6281
  13.000   0.9869   0.05058   0.04348  -0.0028   0.0278   0.6314
  13.500   1.0081   0.05377   0.04680  -0.0022   0.0254   0.6353
  14.000   1.0321   0.05698   0.05008  -0.0013   0.0231   0.6394
  14.500   1.0508   0.06072   0.05412  -0.0014   0.0213   0.6432
  15.000   1.0676   0.06478   0.05839  -0.0016   0.0197   0.6479
  15.500   1.0832   0.06950   0.06332  -0.0016   0.0181   0.6531
  16.000   1.0849   0.07577   0.07000  -0.0028   0.0169   0.6577
  16.500   1.0854   0.08236   0.07694  -0.0045   0.0159   0.6624
  17.000   1.0869   0.08897   0.08373  -0.0070   0.0150   0.6682
  17.500   1.0721   0.09864   0.09374  -0.0103   0.0141   0.6728
  18.000   1.0463   0.11064   0.10627  -0.0163   0.0136   0.6771
