  
       XFOIL         Version 6.99
  
 Calculated polar for: NREL's S809 Airfoil                             
  
 1 1 Reynolds number fixed          Mach number fixed         
  
 xtrf =   1.000 (top)        1.000 (bottom)  
 Mach =   0.000     Re =     0.100 e 6     Ncrit =   5.000
  
   alpha    CL        CD       CDp       CM     Top_Xtr  Bot_Xtr
  ------ -------- --------- --------- -------- -------- --------
  -6.000  -0.2079   0.05149   0.04231  -0.0374   0.6953   0.5001
  -5.875  -0.2162   0.05019   0.04099  -0.0366   0.6943   0.5033
  -5.750  -0.2049   0.04989   0.04065  -0.0367   0.6932   0.5039
  -5.625  -0.1926   0.04960   0.04032  -0.0369   0.6921   0.5045
  -5.500  -0.1819   0.04929   0.03996  -0.0369   0.6912   0.5051
  -5.375  -0.1713   0.04899   0.03963  -0.0369   0.6902   0.5060
  -5.250  -0.1625   0.04860   0.03921  -0.0368   0.6893   0.5070
  -5.125  -0.1549   0.04813   0.03869  -0.0367   0.6884   0.5082
  -5.000  -0.1497   0.04747   0.03800  -0.0366   0.6877   0.5096
  -4.875  -0.1590   0.04618   0.03668  -0.0357   0.6869   0.5132
  -4.750  -0.1481   0.04592   0.03637  -0.0356   0.6863   0.5137
  -4.625  -0.1361   0.04568   0.03610  -0.0357   0.6856   0.5143
  -4.500  -0.1253   0.04540   0.03577  -0.0357   0.6850   0.5149
