  
       XFOIL         Version 6.99
  
 Calculated polar for: NREL's S809 Airfoil                             
  
 1 1 Reynolds number fixed          Mach number fixed         
  
 xtrf =   1.000 (top)        1.000 (bottom)  
 Mach =   0.000     Re =     0.900 e 6     Ncrit =   5.000
  
   alpha    CL        CD       CDp       CM     Top_Xtr  Bot_Xtr
  ------ -------- --------- --------- -------- -------- --------
   0.000   0.1501   0.00859   0.00241  -0.0435   0.5624   0.5034
   0.500   0.2097   0.00860   0.00245  -0.0448   0.5615   0.5049
   1.000   0.2693   0.00864   0.00252  -0.0462   0.5605   0.5066
   1.500   0.3290   0.00871   0.00261  -0.0475   0.5596   0.5084
   2.000   0.3887   0.00877   0.00272  -0.0488   0.5588   0.5102
   2.500   0.4481   0.00880   0.00282  -0.0501   0.5568   0.5120
   3.000   0.5071   0.00877   0.00288  -0.0512   0.5530   0.5137
   3.500   0.5655   0.00869   0.00289  -0.0522   0.5458   0.5153
   4.000   0.6237   0.00862   0.00291  -0.0532   0.5373   0.5171
   4.500   0.6819   0.00855   0.00295  -0.0541   0.5245   0.5190
   5.000   0.7398   0.00854   0.00301  -0.0550   0.5052   0.5208
   5.500   0.7786   0.00973   0.00360  -0.0528   0.3662   0.5225
   6.000   0.8109   0.01134   0.00467  -0.0498   0.2435   0.5241
   6.500   0.8460   0.01257   0.00558  -0.0473   0.1667   0.5258
   7.000   0.8768   0.01380   0.00654  -0.0440   0.1052   0.5275
   7.500   0.9069   0.01481   0.00741  -0.0405   0.0723   0.5293
   8.000   0.9320   0.01578   0.00834  -0.0362   0.0532   0.5312
   8.500   0.9574   0.01700   0.00953  -0.0326   0.0390   0.5329
   9.000   0.9820   0.01838   0.01094  -0.0294   0.0299   0.5346
   9.500   1.0051   0.02010   0.01272  -0.0267   0.0238   0.5363
  10.000   1.0283   0.02213   0.01482  -0.0248   0.0197   0.5383
  10.500   1.0527   0.02437   0.01713  -0.0235   0.0168   0.5404
  11.000   1.0761   0.02680   0.01962  -0.0223   0.0146   0.5424
  11.500   1.0991   0.02927   0.02218  -0.0212   0.0127   0.5443
  12.000   1.1215   0.03182   0.02484  -0.0202   0.0115   0.5464
  12.500   1.1418   0.03460   0.02770  -0.0192   0.0103   0.5485
  13.000   1.1627   0.03734   0.03055  -0.0184   0.0091   0.5508
  13.500   1.1812   0.04035   0.03364  -0.0176   0.0084   0.5530
  14.000   1.2007   0.04343   0.03685  -0.0171   0.0076   0.5558
  14.500   1.2178   0.04685   0.04037  -0.0167   0.0069   0.5583
  15.000   1.2352   0.05037   0.04403  -0.0165   0.0065   0.5612
  15.500   1.2509   0.05414   0.04790  -0.0165   0.0056   0.5639
  16.000   1.2641   0.05839   0.05232  -0.0168   0.0055   0.5668
  16.500   1.2763   0.06292   0.05702  -0.0173   0.0052   0.5702
  17.000   1.2864   0.06773   0.06197  -0.0179   0.0047   0.5734
  17.500   1.2952   0.07304   0.06744  -0.0191   0.0043   0.5776
  18.000   1.2989   0.07920   0.07379  -0.0206   0.0041   0.5815
   0.000   0.1501   0.00859   0.00241  -0.0435   0.5624   0.5034
  -0.500   0.0904   0.00857   0.00240  -0.0422   0.5633   0.5018
  -1.000   0.0306   0.00856   0.00240  -0.0408   0.5642   0.4998
  -1.500  -0.0290   0.00856   0.00242  -0.0394   0.5652   0.4980
  -2.000  -0.0887   0.00857   0.00246  -0.0381   0.5662   0.4964
  -2.500  -0.1482   0.00860   0.00250  -0.0368   0.5674   0.4947
  -3.000  -0.2076   0.00865   0.00258  -0.0355   0.5685   0.4931
  -3.500  -0.2672   0.00869   0.00271  -0.0341   0.5695   0.4913
  -4.000  -0.3265   0.00872   0.00284  -0.0328   0.5705   0.4895
  -4.500  -0.3861   0.00862   0.00283  -0.0315   0.5716   0.4791
  -5.000  -0.4451   0.00862   0.00283  -0.0301   0.5728   0.4450
  -5.500  -0.4510   0.01427   0.00692  -0.0310   0.5740   0.0458
  -6.000  -0.4794   0.01678   0.00940  -0.0300   0.5753   0.0154
  -6.500  -0.4881   0.01945   0.01210  -0.0328   0.5766   0.0087
  -7.000  -0.5053   0.02186   0.01454  -0.0347   0.5780   0.0071
  -7.500  -0.5217   0.02431   0.01703  -0.0366   0.5794   0.0053
  -8.000  -0.5386   0.02669   0.01945  -0.0384   0.5809   0.0048
