  
       XFOIL         Version 6.99
  
 Calculated polar for: NREL's S809 Airfoil                             
  
 1 1 Reynolds number fixed          Mach number fixed         
  
 xtrf =   1.000 (top)        1.000 (bottom)  
 Mach =   0.000     Re =     0.600 e 6     Ncrit =   5.000
  
   alpha    CL        CD       CDp       CM     Top_Xtr  Bot_Xtr
  ------ -------- --------- --------- -------- -------- --------
   0.000   0.1476   0.01020   0.00330  -0.0428   0.5731   0.5117
   0.500   0.2071   0.01022   0.00334  -0.0442   0.5720   0.5135
   1.000   0.2665   0.01027   0.00343  -0.0455   0.5710   0.5151
   1.500   0.3259   0.01034   0.00354  -0.0468   0.5701   0.5168
   2.000   0.3853   0.01042   0.00369  -0.0481   0.5691   0.5187
   2.500   0.4443   0.01048   0.00384  -0.0493   0.5673   0.5208
   3.000   0.5030   0.01052   0.00396  -0.0505   0.5643   0.5226
   3.500   0.5617   0.01049   0.00402  -0.0516   0.5601   0.5243
   4.000   0.6186   0.01037   0.00405  -0.0522   0.5518   0.5261
   4.500   0.6755   0.01024   0.00404  -0.0529   0.5417   0.5280
   5.000   0.7320   0.01011   0.00403  -0.0535   0.5276   0.5300
   5.500   0.7888   0.01005   0.00411  -0.0541   0.5072   0.5322
   6.000   0.8209   0.01123   0.00466  -0.0507   0.3597   0.5338
   6.500   0.8481   0.01294   0.00588  -0.0470   0.2465   0.5355
   7.000   0.8738   0.01444   0.00702  -0.0430   0.1658   0.5372
   7.500   0.8925   0.01580   0.00814  -0.0378   0.1095   0.5392
   8.000   0.9106   0.01716   0.00939  -0.0328   0.0764   0.5413
   8.500   0.9312   0.01871   0.01088  -0.0290   0.0560   0.5431
   9.000   0.9517   0.02049   0.01270  -0.0259   0.0426   0.5448
   9.500   0.9720   0.02268   0.01494  -0.0237   0.0328   0.5467
  10.000   0.9939   0.02505   0.01738  -0.0222   0.0262   0.5489
  10.500   1.0164   0.02754   0.01994  -0.0210   0.0219   0.5513
  11.000   1.0386   0.03013   0.02260  -0.0199   0.0187   0.5535
  11.500   1.0601   0.03276   0.02535  -0.0189   0.0163   0.5555
  12.000   1.0794   0.03558   0.02827  -0.0178   0.0145   0.5577
  12.500   1.0992   0.03845   0.03126  -0.0169   0.0131   0.5601
  13.000   1.1176   0.04152   0.03443  -0.0161   0.0119   0.5627
  13.500   1.1360   0.04470   0.03775  -0.0156   0.0108   0.5652
  14.000   1.1520   0.04825   0.04144  -0.0152   0.0100   0.5681
  14.500   1.1692   0.05181   0.04515  -0.0151   0.0091   0.5711
  15.000   1.1817   0.05603   0.04951  -0.0151   0.0085   0.5739
  15.500   1.1968   0.06018   0.05385  -0.0155   0.0078   0.5769
  16.000   1.2091   0.06482   0.05864  -0.0162   0.0072   0.5804
  17.000   1.2232   0.07582   0.07004  -0.0183   0.0063   0.5878
  17.500   1.2293   0.08186   0.07627  -0.0201   0.0058   0.5923
  18.000   1.2272   0.08928   0.08389  -0.0225   0.0056   0.5960
   0.000   0.1476   0.01020   0.00330  -0.0428   0.5731   0.5117
  -0.500   0.0881   0.01018   0.00330  -0.0415   0.5741   0.5099
  -1.000   0.0287   0.01017   0.00330  -0.0401   0.5751   0.5079
  -1.500  -0.0306   0.01017   0.00331  -0.0388   0.5763   0.5060
  -2.000  -0.0899   0.01018   0.00334  -0.0375   0.5774   0.5044
  -2.500  -0.1490   0.01024   0.00340  -0.0362   0.5787   0.5030
  -3.000  -0.2083   0.01030   0.00355  -0.0349   0.5799   0.5011
  -3.500  -0.2674   0.01033   0.00370  -0.0336   0.5810   0.4990
  -4.000  -0.3263   0.01039   0.00388  -0.0323   0.5821   0.4971
  -4.500  -0.3852   0.01039   0.00397  -0.0311   0.5833   0.4942
  -5.000  -0.4447   0.01006   0.00375  -0.0298   0.5847   0.4743
  -5.500  -0.4902   0.01162   0.00472  -0.0290   0.5862   0.3107
  -6.000  -0.4578   0.01885   0.01104  -0.0312   0.5876   0.0416
  -6.500  -0.4591   0.02213   0.01427  -0.0343   0.5891   0.0176
  -7.500  -0.4878   0.02726   0.01947  -0.0382   0.5923   0.0083
  -8.000  -0.5052   0.02963   0.02191  -0.0398   0.5940   0.0070
