  
       XFOIL         Version 6.99
  
 Calculated polar for: NREL's S809 Airfoil                             
  
 1 1 Reynolds number fixed          Mach number fixed         
  
 xtrf =   1.000 (top)        1.000 (bottom)  
 Mach =   0.000     Re =     0.500 e 6     Ncrit =   9.000
  
   alpha    CL        CD       CDp       CM     Top_Xtr  Bot_Xtr
  ------ -------- --------- --------- -------- -------- --------
  -8.000  -0.4352   0.03189   0.02427  -0.0496   0.6387   0.0141
  -7.500  -0.4238   0.02926   0.02157  -0.0475   0.6365   0.0159
  -7.000  -0.4215   0.02616   0.01840  -0.0444   0.6344   0.0218
  -6.500  -0.4640   0.02049   0.01304  -0.0380   0.6325   0.0969
  -6.000  -0.5137   0.01450   0.00738  -0.0315   0.6306   0.2223
  -5.500  -0.4954   0.01173   0.00555  -0.0300   0.6288   0.4874
  -5.000  -0.4318   0.01374   0.00766  -0.0307   0.6271   0.5106
  -4.500  -0.3702   0.01495   0.00889  -0.0315   0.6258   0.5212
  -4.000  -0.3126   0.01475   0.00859  -0.0327   0.6244   0.5229
  -3.500  -0.2550   0.01455   0.00830  -0.0340   0.6231   0.5250
  -3.000  -0.1974   0.01435   0.00800  -0.0353   0.6213   0.5272
  -2.500  -0.1395   0.01420   0.00775  -0.0366   0.6198   0.5299
  -2.000  -0.0814   0.01409   0.00754  -0.0380   0.6185   0.5321
  -1.500  -0.0235   0.01383   0.00724  -0.0394   0.6173   0.5341
  -1.000   0.0348   0.01376   0.00718  -0.0407   0.6162   0.5359
  -0.500   0.0934   0.01378   0.00721  -0.0420   0.6151   0.5377
   0.000   0.1519   0.01386   0.00729  -0.0433   0.6137   0.5397
   0.500   0.2103   0.01404   0.00749  -0.0446   0.6125   0.5423
   1.000   0.2685   0.01415   0.00764  -0.0459   0.6113   0.5446
   1.500   0.3265   0.01415   0.00769  -0.0472   0.6092   0.5467
   2.000   0.3844   0.01419   0.00778  -0.0485   0.6071   0.5485
   2.500   0.4418   0.01418   0.00791  -0.0496   0.6048   0.5508
   3.000   0.4996   0.01426   0.00812  -0.0506   0.6019   0.5530
   3.500   0.5584   0.01429   0.00819  -0.0517   0.5978   0.5552
   4.000   0.6152   0.01425   0.00827  -0.0525   0.5914   0.5574
   4.500   0.6745   0.01386   0.00790  -0.0535   0.5827   0.5598
   5.000   0.7311   0.01353   0.00766  -0.0539   0.5720   0.5623
   5.500   0.7893   0.01315   0.00732  -0.0547   0.5626   0.5645
   6.000   0.8448   0.01255   0.00685  -0.0548   0.5488   0.5668
   6.500   0.8971   0.01207   0.00662  -0.0544   0.5306   0.5690
   7.000   0.9469   0.01166   0.00632  -0.0534   0.4734   0.5715
   7.500   0.9493   0.01383   0.00755  -0.0452   0.3037   0.5739
   8.000   0.9478   0.01582   0.00904  -0.0366   0.2039   0.5763
   8.500   0.9437   0.01782   0.01073  -0.0284   0.1399   0.5781
   9.000   0.9437   0.02019   0.01290  -0.0223   0.0960   0.5801
   9.500   0.9478   0.02302   0.01567  -0.0184   0.0672   0.5824
  10.000   0.9568   0.02611   0.01873  -0.0158   0.0483   0.5847
  10.500   0.9666   0.02937   0.02201  -0.0136   0.0372   0.5871
  11.000   0.9822   0.03231   0.02502  -0.0120   0.0309   0.5898
  11.500   0.9980   0.03531   0.02812  -0.0106   0.0266   0.5927
  12.000   1.0034   0.03920   0.03207  -0.0089   0.0234   0.5951
  12.500   1.0224   0.04211   0.03519  -0.0080   0.0216   0.5980
  13.000   1.0377   0.04550   0.03868  -0.0073   0.0196   0.6010
  13.500   1.0450   0.04979   0.04310  -0.0064   0.0180   0.6040
  14.000   1.0647   0.05317   0.04664  -0.0064   0.0165   0.6074
  14.500   1.0800   0.05711   0.05070  -0.0065   0.0153   0.6107
  15.000   1.0865   0.06201   0.05577  -0.0063   0.0141   0.6142
  15.500   1.1021   0.06636   0.06036  -0.0072   0.0131   0.6186
  16.000   1.1152   0.07121   0.06534  -0.0086   0.0118   0.6233
  16.500   1.1178   0.07731   0.07159  -0.0098   0.0110   0.6276
  17.000   1.1251   0.08338   0.07797  -0.0118   0.0103   0.6325
  17.500   1.1282   0.09027   0.08511  -0.0144   0.0095   0.6379
  18.000   1.1296   0.09769   0.09274  -0.0177   0.0089   0.6435
