  
       XFOIL         Version 6.99
  
 Calculated polar for: NACA 4412                                       
  
 1 1 Reynolds number fixed          Mach number fixed         
  
 xtrf =   1.000 (top)        1.000 (bottom)  
 Mach =   0.000     Re =     0.500 e 6     Ncrit =   9.000
  
   alpha    CL        CD       CDp       CM     Top_Xtr  Bot_Xtr
  ------ -------- --------- --------- -------- -------- --------
  -8.000  -0.4144   0.01719   0.01160  -0.1061   0.9623   0.0306
  -7.500  -0.3446   0.01589   0.01014  -0.1093   0.9574   0.0333
  -7.000  -0.2911   0.01448   0.00860  -0.1091   0.9457   0.0362
  -6.500  -0.2359   0.01360   0.00759  -0.1089   0.9346   0.0394
  -6.000  -0.1813   0.01257   0.00652  -0.1087   0.9236   0.0438
  -5.500  -0.1269   0.01169   0.00553  -0.1082   0.9114   0.0490
  -5.000  -0.0731   0.01107   0.00483  -0.1076   0.8964   0.0556
  -4.500  -0.0186   0.01052   0.00422  -0.1071   0.8806   0.0641
  -4.000   0.0359   0.00995   0.00362  -0.1066   0.8638   0.0766
  -3.500   0.0906   0.00952   0.00319  -0.1062   0.8449   0.0936
  -3.000   0.1456   0.00916   0.00284  -0.1058   0.8246   0.1172
  -2.500   0.2006   0.00886   0.00256  -0.1055   0.8030   0.1499
  -2.000   0.2556   0.00863   0.00235  -0.1052   0.7803   0.1926
  -1.500   0.3102   0.00841   0.00222  -0.1048   0.7555   0.2475
  -1.000   0.3646   0.00821   0.00213  -0.1045   0.7299   0.3192
  -0.500   0.4175   0.00782   0.00208  -0.1040   0.7032   0.4635
   0.000   0.4647   0.00708   0.00220  -0.1021   0.6764   0.7680
   0.500   0.5342   0.00688   0.00227  -0.1041   0.6493   0.9946
   1.000   0.5897   0.00712   0.00230  -0.1040   0.6229   1.0000
   1.500   0.6415   0.00738   0.00238  -0.1031   0.5990   1.0000
   2.000   0.6938   0.00765   0.00251  -0.1024   0.5769   1.0000
   2.500   0.7464   0.00795   0.00267  -0.1017   0.5573   1.0000
   3.000   0.7992   0.00827   0.00287  -0.1011   0.5395   1.0000
   3.500   0.8522   0.00858   0.00310  -0.1005   0.5228   1.0000
   4.000   0.9051   0.00890   0.00336  -0.1000   0.5068   1.0000
   4.500   0.9578   0.00922   0.00365  -0.0994   0.4908   1.0000
   5.000   1.0099   0.00957   0.00396  -0.0987   0.4738   1.0000
   5.500   1.0616   0.00989   0.00428  -0.0980   0.4538   1.0000
   6.000   1.1120   0.01025   0.00463  -0.0971   0.4311   1.0000
   6.500   1.1615   0.01068   0.00502  -0.0960   0.4079   1.0000
   7.000   1.2099   0.01114   0.00546  -0.0948   0.3795   1.0000
   7.500   1.2558   0.01176   0.00600  -0.0931   0.3433   1.0000
   8.000   1.2970   0.01265   0.00671  -0.0909   0.2959   1.0000
   8.500   1.3319   0.01392   0.00770  -0.0876   0.2364   1.0000
   9.000   1.3589   0.01556   0.00898  -0.0833   0.1715   1.0000
   9.500   1.3787   0.01739   0.01051  -0.0778   0.1183   1.0000
  10.000   1.3985   0.01928   0.01222  -0.0727   0.0836   1.0000
  10.500   1.4183   0.02125   0.01412  -0.0680   0.0635   1.0000
  11.000   1.4380   0.02334   0.01622  -0.0637   0.0521   1.0000
  11.500   1.4553   0.02573   0.01868  -0.0597   0.0447   1.0000
  12.000   1.4678   0.02866   0.02170  -0.0559   0.0395   1.0000
  12.500   1.4811   0.03178   0.02493  -0.0527   0.0357   1.0000
  13.000   1.4878   0.03572   0.02903  -0.0498   0.0328   1.0000
  13.500   1.4961   0.03978   0.03323  -0.0476   0.0303   1.0000
  14.000   1.4913   0.04546   0.03906  -0.0456   0.0284   1.0000
  14.500   1.4960   0.05049   0.04429  -0.0446   0.0268   1.0000
  15.000   1.4958   0.05635   0.05031  -0.0440   0.0255   1.0000
  15.500   1.4826   0.06392   0.05801  -0.0437   0.0242   1.0000
  16.000   1.4819   0.07031   0.06463  -0.0440   0.0232   1.0000
  16.500   1.4794   0.07710   0.07160  -0.0447   0.0221   1.0000
  17.000   1.4746   0.08433   0.07900  -0.0457   0.0212   1.0000
  17.500   1.4655   0.09207   0.08685  -0.0469   0.0205   1.0000
  18.000   1.4582   0.09963   0.09459  -0.0481   0.0198   1.0000
