  
       XFOIL         Version 6.99
  
 Calculated polar for: NACA 2412                                       
  
 1 1 Reynolds number fixed          Mach number fixed         
  
 xtrf =   1.000 (top)        1.000 (bottom)  
 Mach =   0.000     Re =     0.200 e 6     Ncrit =   9.000
  
   alpha    CL        CD       CDp       CM     Top_Xtr  Bot_Xtr
  ------ -------- --------- --------- -------- -------- --------
  -4.000  -0.2831   0.01488   0.00731  -0.0437   0.9703   0.1744
  -3.500  -0.2081   0.01398   0.00671  -0.0480   0.9582   0.2428
  -3.000  -0.1341   0.01311   0.00623  -0.0520   0.9456   0.3341
  -2.500  -0.0619   0.01211   0.00580  -0.0554   0.9328   0.4616
  -2.000   0.0018   0.01113   0.00549  -0.0563   0.9178   0.6296
  -1.500   0.0588   0.01044   0.00529  -0.0548   0.9000   0.7723
  -1.000   0.1160   0.01010   0.00515  -0.0527   0.8804   0.8777
  -0.500   0.1889   0.01002   0.00500  -0.0542   0.8587   0.9432
   0.000   0.2825   0.00998   0.00478  -0.0608   0.8320   0.9790
   0.500   0.3758   0.00985   0.00445  -0.0682   0.7998   1.0000
   1.000   0.4222   0.00981   0.00418  -0.0663   0.7641   1.0000
   1.500   0.4691   0.00991   0.00406  -0.0644   0.7282   1.0000
   2.000   0.5162   0.01010   0.00407  -0.0625   0.6925   1.0000
   2.500   0.5635   0.01036   0.00416  -0.0606   0.6584   1.0000
   3.000   0.6110   0.01068   0.00433  -0.0587   0.6256   1.0000
   3.500   0.6584   0.01105   0.00455  -0.0568   0.5935   1.0000
   4.000   0.7057   0.01144   0.00483  -0.0549   0.5612   1.0000
   4.500   0.7528   0.01185   0.00515  -0.0530   0.5274   1.0000
   5.000   0.7997   0.01228   0.00552  -0.0511   0.4918   1.0000
   5.500   0.8461   0.01276   0.00592  -0.0491   0.4540   1.0000
   6.000   0.8917   0.01328   0.00638  -0.0471   0.4122   1.0000
   6.500   0.9358   0.01390   0.00691  -0.0449   0.3629   1.0000
   7.000   0.9769   0.01477   0.00760  -0.0424   0.3033   1.0000
   7.500   1.0141   0.01603   0.00856  -0.0395   0.2326   1.0000
   8.000   1.0467   0.01776   0.00992  -0.0362   0.1645   1.0000
   8.500   1.0769   0.01971   0.01161  -0.0325   0.1203   1.0000
   9.000   1.1050   0.02173   0.01352  -0.0286   0.0961   1.0000
   9.500   1.1320   0.02370   0.01549  -0.0246   0.0812   1.0000
  10.000   1.1546   0.02586   0.01768  -0.0201   0.0713   1.0000
  10.500   1.1775   0.02831   0.02015  -0.0161   0.0639   1.0000
  11.000   1.2029   0.03060   0.02252  -0.0128   0.0579   1.0000
  11.500   1.2285   0.03344   0.02553  -0.0097   0.0530   1.0000
  12.000   1.2541   0.03617   0.02831  -0.0070   0.0491   1.0000
  12.500   1.2778   0.03972   0.03214  -0.0043   0.0459   1.0000
  13.000   1.2933   0.04305   0.03573  -0.0015   0.0431   1.0000
  13.500   1.3211   0.04745   0.04018   0.0002   0.0407   1.0000
  14.000   1.3126   0.05255   0.04585   0.0033   0.0396   1.0000
