  
       XFOIL         Version 6.99
  
 Calculated polar for: NACA 2412                                       
  
 1 1 Reynolds number fixed          Mach number fixed         
  
 xtrf =   1.000 (top)        1.000 (bottom)  
 Mach =   0.000     Re =     0.100 e 6     Ncrit =   9.000
  
   alpha    CL        CD       CDp       CM     Top_Xtr  Bot_Xtr
  ------ -------- --------- --------- -------- -------- --------
  -4.000  -0.3951   0.02034   0.01118  -0.0237   1.0000   0.1889
  -3.500  -0.3509   0.01941   0.01046  -0.0227   1.0000   0.2355
  -3.000  -0.3069   0.01868   0.01012  -0.0219   1.0000   0.3038
  -2.500  -0.2232   0.01780   0.01002  -0.0285   0.9870   0.4475
  -2.000  -0.1421   0.01703   0.01043  -0.0329   0.9712   0.6925
  -1.500  -0.0628   0.01713   0.01100  -0.0343   0.9532   0.9236
  -1.000   0.0909   0.01732   0.01082  -0.0536   0.9429   1.0000
  -0.500   0.1819   0.01709   0.01033  -0.0614   0.9191   1.0000
   0.000   0.2731   0.01663   0.00970  -0.0681   0.8966   1.0000
   0.500   0.3430   0.01623   0.00917  -0.0702   0.8687   1.0000
   1.000   0.4064   0.01582   0.00866  -0.0706   0.8408   1.0000
   1.500   0.4631   0.01551   0.00823  -0.0695   0.8117   1.0000
   2.000   0.5126   0.01547   0.00807  -0.0672   0.7794   1.0000
   2.500   0.5614   0.01558   0.00807  -0.0648   0.7469   1.0000
   3.000   0.6100   0.01580   0.00819  -0.0625   0.7144   1.0000
   3.500   0.6586   0.01612   0.00841  -0.0603   0.6816   1.0000
   4.000   0.7074   0.01649   0.00871  -0.0581   0.6483   1.0000
   4.500   0.7561   0.01691   0.00903  -0.0559   0.6138   1.0000
   5.000   0.8023   0.01738   0.00950  -0.0535   0.5758   1.0000
   5.500   0.8490   0.01782   0.00988  -0.0510   0.5359   1.0000
   6.000   0.8938   0.01831   0.01032  -0.0483   0.4927   1.0000
   6.500   0.9365   0.01883   0.01080  -0.0453   0.4450   1.0000
   7.000   0.9752   0.01944   0.01136  -0.0419   0.3896   1.0000
   7.500   1.0086   0.02040   0.01211  -0.0378   0.3226   1.0000
   8.000   1.0345   0.02218   0.01350  -0.0330   0.2452   1.0000
   8.500   1.0578   0.02475   0.01559  -0.0284   0.1839   1.0000
   9.000   1.0858   0.02744   0.01809  -0.0245   0.1453   1.0000
   9.500   1.1192   0.03038   0.02091  -0.0216   0.1214   1.0000
  10.000   1.1560   0.03343   0.02400  -0.0192   0.1047   1.0000
  10.500   1.1945   0.03694   0.02766  -0.0173   0.0927   1.0000
  11.000   1.2325   0.04115   0.03206  -0.0156   0.0843   1.0000
  11.500   1.2613   0.04508   0.03629  -0.0129   0.0776   1.0000
  12.000   1.2741   0.05080   0.04259  -0.0089   0.0738   1.0000
  12.500   1.2587   0.05602   0.04847  -0.0022   0.0712   1.0000
  13.000   1.2361   0.06215   0.05513   0.0028   0.0695   1.0000
  13.500   1.1933   0.07064   0.06419   0.0055   0.0693   1.0000
  14.000   1.1208   0.08399   0.07815   0.0024   0.0707   1.0000
