  
       XFOIL         Version 6.99
  
 Calculated polar for: NACA 23012                                      
  
 1 1 Reynolds number fixed          Mach number fixed         
  
 xtrf =   1.000 (top)        1.000 (bottom)  
 Mach =   0.000     Re =     0.200 e 6     Ncrit =   9.000
  
   alpha    CL        CD       CDp       CM     Top_Xtr  Bot_Xtr
  ------ -------- --------- --------- -------- -------- --------
  -6.000  -0.5615   0.03991   0.03476  -0.0125   1.0000   0.0802
  -5.500  -0.5445   0.03626   0.03058  -0.0069   1.0000   0.0909
  -5.000  -0.5208   0.03339   0.02738  -0.0025   1.0000   0.1051
  -4.500  -0.4877   0.02951   0.02342  -0.0003   0.9990   0.1227
  -4.000  -0.3950   0.02044   0.01260  -0.0005   0.9933   0.0561
  -3.500  -0.3067   0.01852   0.01051  -0.0067   0.9822   0.0624
  -3.000  -0.2200   0.01630   0.00841  -0.0128   0.9678   0.0718
  -2.500  -0.1325   0.01448   0.00668  -0.0186   0.9478   0.0873
  -2.000  -0.0622   0.01284   0.00518  -0.0211   0.9242   0.1215
  -1.500  -0.0331   0.00958   0.00466  -0.0148   0.8901   0.7586
  -1.000   0.0170   0.00952   0.00476  -0.0105   0.8496   0.8755
  -0.500   0.0806   0.00989   0.00492  -0.0092   0.8021   0.9294
  -0.000   0.1767   0.01051   0.00513  -0.0151   0.7404   0.9634
   0.500   0.2595   0.01078   0.00494  -0.0202   0.6678   0.9828
   1.000   0.3456   0.01100   0.00465  -0.0266   0.5837   0.9961
   1.500   0.4039   0.01126   0.00443  -0.0278   0.5061   1.0000
   2.000   0.4491   0.01163   0.00437  -0.0264   0.4367   1.0000
   2.500   0.4942   0.01210   0.00447  -0.0249   0.3846   1.0000
   3.000   0.5386   0.01261   0.00470  -0.0231   0.3491   1.0000
   3.500   0.5833   0.01315   0.00504  -0.0213   0.3244   1.0000
   4.000   0.6282   0.01371   0.00547  -0.0195   0.3054   1.0000
   4.500   0.6733   0.01432   0.00597  -0.0176   0.2898   1.0000
   5.000   0.7188   0.01502   0.00658  -0.0159   0.2769   1.0000
   5.500   0.7647   0.01581   0.00725  -0.0142   0.2648   1.0000
   6.000   0.8109   0.01643   0.00797  -0.0125   0.2540   1.0000
   6.500   0.8572   0.01729   0.00885  -0.0109   0.2439   1.0000
   7.000   0.9043   0.01821   0.00972  -0.0096   0.2344   1.0000
   7.500   0.9504   0.01905   0.01074  -0.0080   0.2249   1.0000
   8.000   0.9979   0.02015   0.01185  -0.0069   0.2161   1.0000
   8.500   1.0439   0.02098   0.01285  -0.0054   0.2068   1.0000
   9.000   1.0896   0.02212   0.01414  -0.0041   0.1978   1.0000
   9.500   1.1360   0.02304   0.01508  -0.0030   0.1886   1.0000
  10.000   1.1777   0.02395   0.01629  -0.0011   0.1786   1.0000
  10.500   1.2195   0.02488   0.01737   0.0006   0.1688   1.0000
  11.000   1.2609   0.02567   0.01817   0.0022   0.1585   1.0000
  11.500   1.2956   0.02629   0.01910   0.0049   0.1477   1.0000
  12.000   1.3272   0.02726   0.02031   0.0077   0.1365   1.0000
  12.500   1.3534   0.02840   0.02165   0.0110   0.1251   1.0000
  13.000   1.3689   0.02985   0.02329   0.0155   0.1138   1.0000
  13.500   1.3788   0.03204   0.02567   0.0194   0.1021   1.0000
  14.000   1.3824   0.03533   0.02914   0.0221   0.0906   1.0000
