  
       XFOIL         Version 6.99
  
 Calculated polar for: NACA 0012                                       
  
 1 1 Reynolds number fixed          Mach number fixed         
  
 xtrf =   1.000 (top)        1.000 (bottom)  
 Mach =   0.000     Re =     0.200 e 6     Ncrit =   9.000
  
   alpha    CL        CD       CDp       CM     Top_Xtr  Bot_Xtr
  ------ -------- --------- --------- -------- -------- --------
  -6.000  -0.6975   0.01513   0.00729   0.0044   1.0000   0.1560
  -5.500  -0.6592   0.01400   0.00643   0.0073   1.0000   0.2078
  -5.000  -0.6195   0.01307   0.00580   0.0099   1.0000   0.2746
  -4.500  -0.5784   0.01233   0.00537   0.0123   1.0000   0.3454
  -4.000  -0.5358   0.01176   0.00508   0.0145   1.0000   0.4161
  -3.500  -0.4915   0.01134   0.00492   0.0164   1.0000   0.4858
  -3.000  -0.4463   0.01105   0.00489   0.0180   1.0000   0.5546
  -2.500  -0.3943   0.01085   0.00497   0.0183   0.9979   0.6246
  -2.000  -0.3084   0.01066   0.00509   0.0122   0.9842   0.7012
  -1.500  -0.2255   0.01048   0.00517   0.0072   0.9686   0.7684
  -1.000  -0.1454   0.01034   0.00520   0.0033   0.9509   0.8254
  -0.500  -0.0700   0.01025   0.00522   0.0009   0.9304   0.8697
  -0.000   0.0000   0.01020   0.00520  -0.0000   0.9047   0.9047
   0.500   0.0700   0.01025   0.00522  -0.0009   0.8697   0.9304
   1.000   0.1454   0.01034   0.00520  -0.0033   0.8254   0.9509
   1.500   0.2255   0.01048   0.00517  -0.0072   0.7684   0.9686
   2.000   0.3084   0.01066   0.00509  -0.0122   0.7012   0.9842
   2.500   0.3943   0.01085   0.00497  -0.0183   0.6246   0.9979
   3.000   0.4462   0.01105   0.00489  -0.0180   0.5547   1.0000
   3.500   0.4915   0.01134   0.00492  -0.0163   0.4858   1.0000
   4.000   0.5357   0.01176   0.00508  -0.0145   0.4161   1.0000
   4.500   0.5783   0.01233   0.00537  -0.0123   0.3454   1.0000
   5.000   0.6194   0.01307   0.00580  -0.0099   0.2746   1.0000
   5.500   0.6591   0.01400   0.00643  -0.0073   0.2078   1.0000
   6.000   0.6975   0.01513   0.00728  -0.0044   0.1560   1.0000
   6.500   0.7345   0.01647   0.00838  -0.0012   0.1224   1.0000
   7.000   0.7732   0.01770   0.00959   0.0017   0.1005   1.0000
   7.500   0.8105   0.01919   0.01100   0.0048   0.0858   1.0000
   8.000   0.8494   0.02076   0.01259   0.0076   0.0751   1.0000
   8.500   0.8890   0.02256   0.01447   0.0101   0.0667   1.0000
   9.000   0.9291   0.02481   0.01678   0.0124   0.0605   1.0000
   9.500   0.9692   0.02673   0.01877   0.0144   0.0551   1.0000
  10.000   1.0068   0.02975   0.02212   0.0168   0.0512   1.0000
  10.500   1.0428   0.03208   0.02462   0.0190   0.0475   1.0000
  11.000   1.0708   0.03626   0.02920   0.0218   0.0451   1.0000
  11.500   1.0845   0.04057   0.03414   0.0259   0.0431   1.0000
  12.000   1.0991   0.04418   0.03805   0.0293   0.0411   1.0000
  12.500   1.1075   0.04853   0.04254   0.0327   0.0396   1.0000
  13.000   1.0776   0.05553   0.05003   0.0369   0.0392   1.0000
  13.500   1.0354   0.06422   0.05922   0.0365   0.0392   1.0000
  14.000   0.9864   0.07634   0.07178   0.0304   0.0394   1.0000
