  
       XFOIL         Version 6.99
  
 Calculated polar for: NACA 0012                                       
  
 1 1 Reynolds number fixed          Mach number fixed         
  
 xtrf =   1.000 (top)        1.000 (bottom)  
 Mach =   0.000     Re =     0.500 e 6     Ncrit =   9.000
  
   alpha    CL        CD       CDp       CM     Top_Xtr  Bot_Xtr
  ------ -------- --------- --------- -------- -------- --------
  -6.000  -0.7218   0.01168   0.00508   0.0100   1.0000   0.1005
  -5.500  -0.6797   0.01102   0.00458   0.0124   1.0000   0.1313
  -5.000  -0.6274   0.01037   0.00414   0.0125   0.9985   0.1777
  -4.500  -0.5529   0.00967   0.00374   0.0080   0.9931   0.2441
  -4.000  -0.4799   0.00899   0.00338   0.0039   0.9858   0.3155
  -3.500  -0.4066   0.00841   0.00307  -0.0001   0.9779   0.3872
  -3.000  -0.3306   0.00786   0.00279  -0.0044   0.9707   0.4575
  -2.500  -0.2655   0.00737   0.00254  -0.0062   0.9565   0.5215
  -2.000  -0.2089   0.00696   0.00234  -0.0059   0.9352   0.5802
  -1.500  -0.1552   0.00662   0.00215  -0.0048   0.9088   0.6371
  -1.000  -0.1034   0.00638   0.00203  -0.0032   0.8757   0.6914
  -0.500  -0.0518   0.00622   0.00195  -0.0016   0.8366   0.7434
  -0.000   0.0000   0.00617   0.00192  -0.0000   0.7923   0.7923
   0.500   0.0518   0.00622   0.00195   0.0016   0.7434   0.8366
   1.000   0.1034   0.00638   0.00203   0.0032   0.6913   0.8757
   1.500   0.1552   0.00662   0.00216   0.0048   0.6371   0.9088
   2.000   0.2089   0.00696   0.00234   0.0059   0.5803   0.9352
   2.500   0.2655   0.00737   0.00254   0.0062   0.5215   0.9565
   3.000   0.3306   0.00786   0.00279   0.0044   0.4574   0.9707
   3.500   0.4066   0.00841   0.00307   0.0001   0.3870   0.9779
   4.000   0.4799   0.00899   0.00338  -0.0039   0.3154   0.9858
   4.500   0.5528   0.00967   0.00374  -0.0080   0.2441   0.9931
   5.500   0.6797   0.01102   0.00457  -0.0123   0.1314   1.0000
   6.000   0.7218   0.01168   0.00508  -0.0100   0.1005   1.0000
   6.500   0.7632   0.01237   0.00568  -0.0074   0.0800   1.0000
   7.000   0.8041   0.01311   0.00637  -0.0047   0.0661   1.0000
   7.500   0.8447   0.01392   0.00716  -0.0020   0.0565   1.0000
   8.000   0.8853   0.01477   0.00804   0.0007   0.0493   1.0000
   8.500   0.9245   0.01581   0.00911   0.0036   0.0439   1.0000
   9.000   0.9621   0.01709   0.01039   0.0065   0.0393   1.0000
   9.500   1.0051   0.01798   0.01139   0.0086   0.0360   1.0000
  10.000   1.0408   0.01960   0.01305   0.0114   0.0332   1.0000
  10.500   1.0812   0.02074   0.01434   0.0135   0.0308   1.0000
  11.000   1.1142   0.02250   0.01612   0.0163   0.0286   1.0000
  11.500   1.1468   0.02421   0.01804   0.0192   0.0271   1.0000
  12.000   1.1748   0.02592   0.01991   0.0225   0.0257   1.0000
  12.500   1.1944   0.02799   0.02205   0.0264   0.0246   1.0000
  13.000   1.2071   0.03099   0.02528   0.0302   0.0235   1.0000
  13.500   1.2207   0.03394   0.02848   0.0327   0.0226   1.0000
  14.000   1.2295   0.03769   0.03247   0.0341   0.0218   1.0000
